2134 1951 632 0
2194 1921 631 0
2261 1922 630 0
2310 1927 629 0
2308 1966 628 0
2474 1953 440 0
1971 2082 868 0
2065 2026 852 0
2030 2084 858 0
1972 2201 871 0
2028 2202 861 0
2085 2141 854 0
1970 2161 870 0
1970 2120 869 0
2107 2095 853 0
2029 2162 860 0
2029 2123 859 0
1929 2236 1024 0
1856 2317 1037 0
1942 2277 1025 0
1921 2314 1026 0
1923 2382 1027 0
1932 2430 1028 0
1852 2431 1040 0
1855 2394 1039 0
1855 2356 1038 0
1884 2451 1029 0
1969 2278 873 0
2028 2239 862 0
2029 2275 863 0
2027 2317 864 0
1970 2239 872 0
2112 2317 856 0
2095 2229 855 0
1971 2317 874 0
2028 2433 867 0
2027 2393 866 0
2027 2354 865 0
1969 2433 877 0
1970 2392 876 0
1970 2355 875 0
1911 2528 1041 0
1871 2526 1042 0
2106 2701 681 0
1949 2553 879 0
2009 2576 880 0
2009 2622 881 0
2029 2665 882 0
2107 2661 680 0
2115 2584 679 0
1982 2663 883 0
1986 2707 884 0
1970 2469 878 0
2106 2819 684 0
2105 2775 683 0
2107 2740 682 0
2205 2083 655 0
2254 2026 659 0
2203 2014 658 0
2204 2043 657 0
2241 2062 656 0
2148 2080 633 0
2287 2169 664 0
2143 2161 635 0
2146 2122 634 0
2144 2200 636 0
2186 2136 643 0
2205 2197 652 0
2203 2158 653 0
2454 2041 439 0
2328 2024 660 0
2319 2080 661 0
2495 2022 448 0
2493 2061 447 0
2378 2022 432 0
2379 2059 433 0
2377 2099 434 0
2491 2176 444 0
2492 2138 445 0
2493 2100 446 0
2319 2122 662 0
2318 2165 663 0
2379 2137 435 0
2319 2202 665 0
2377 2177 436 0
2230 2254 651 0
2148 2240 637 0
2291 2297 669 0
2204 2239 650 0
2199 2273 649 0
2290 2230 666 0
2205 2314 648 0
2204 2273 647 0
2145 2316 639 0
2146 2278 638 0
2244 2450 644 0
2146 2434 642 0
2146 2393 641 0
2204 2430 645 0
2145 2354 640 0
2203 2391 646 0
2320 2316 670 0
2494 2218 443 0
2493 2255 442 0
2495 2288 441 0
2379 2254 438 0
2319 2277 668 0
2379 2218 437 0
2319 2238 667 0
2319 2430 673 0
2319 2396 672 0
2321 2355 671 0
2348 2396 674 0
2378 2425 450 0
2377 2388 449 0
2494 2391 467 0
2494 2429 466 0
2406 2428 457 0
2538 1987 282 0
2548 2025 281 0
2667 2025 268 0
2667 2064 269 0
2548 2064 280 0
2549 2103 279 0
2667 2104 270 0
2550 2141 278 0
2549 2180 277 0
2666 2178 272 0
2665 2139 271 0
2761 2184 101 0
2761 2144 100 0
2788 2167 111 0
2667 2432 286 0
2667 2394 285 0
2666 2328 284 0
2665 2220 273 0
2665 2254 274 0
2548 2258 275 0
2549 2218 276 0
2590 2333 283 0
2549 2393 292 0
2548 2431 293 0
2800 2221 92 0
2801 2262 93 0
2760 2338 105 0
2761 2297 104 0
2800 2299 94 0
2800 2337 95 0
2704 2317 141 0
2694 2221 140 0
2760 2259 103 0
2763 2222 102 0
2800 2414 97 0
2801 2376 96 0
2714 2345 142 0
2733 2374 143 0
2761 2372 106 0
2800 2411 107 0
2290 2585 715 0
2167 2537 675 0
2164 2576 676 0
2136 2641 678 0
2163 2624 677 0
2212 2699 700 0
2183 2661 699 0
2184 2700 698 0
2205 2602 654 0
2299 2700 710 0
2300 2660 711 0
2495 2468 465 0
2376 2501 452 0
2377 2468 451 0
2493 2506 464 0
2493 2547 463 0
2495 2585 462 0
2379 2586 454 0
2377 2547 453 0
2437 2505 458 0
2448 2624 459 0
2495 2665 460 0
2378 2663 456 0
2378 2624 455 0
2337 2703 712 0
2336 2663 713 0
2338 2620 714 0
2495 2623 461 0
2209 2813 694 0
2299 2816 707 0
2297 2776 708 0
2296 2738 709 0
2186 2814 695 0
2182 2778 696 0
2185 2738 697 0
2252 2739 701 0
2185 2853 693 0
2298 2854 706 0
2379 2749 468 0
2377 2786 469 0
2436 2729 476 0
2446 2769 475 0
2493 2748 485 0
2377 2825 470 0
2493 2786 484 0
2492 2825 483 0
2375 2865 471 0
2492 2865 482 0
2666 2508 288 0
2665 2550 289 0
2665 2586 290 0
2548 2512 295 0
2546 2548 296 0
2549 2473 294 0
2666 2470 287 0
2548 2627 298 0
2550 2591 297 0
2666 2626 291 0
2530 2710 488 0
2772 2512 109 0
2800 2491 108 0
2732 2618 113 0
2762 2676 112 0
2732 2491 110 0
2687 2716 299 0
2647 2711 301 0
2531 2787 487 0
2531 2827 486 0
269 3197 2821 1
107 3256 3015 1
105 3295 3016 1
105 3375 3017 1
64 3374 3019 1
250 3220 2826 1
154 3314 2987 1
271 3318 2824 1
270 3279 2823 1
272 3238 2822 1
231 3288 2827 1
154 3278 2986 1
154 3241 2985 1
221 3338 2828 1
242 3377 2829 1
273 3356 2825 1
156 3355 2988 1
153 3397 2989 1
347 3201 2796 1
463 3200 2748 1
347 3275 2798 1
394 3260 2782 1
348 3238 2797 1
461 3235 2749 1
346 3317 2799 1
464 3278 2750 1
462 3316 2751 1
464 3355 2752 1
463 3395 2753 1
464 3434 2754 1
349 3432 2802 1
324 3413 2814 1
349 3358 2800 1
396 3418 2784 1
347 3397 2801 1
397 3339 2783 1
490 3277 2744 1
559 3279 2739 1
558 3317 2740 1
558 3240 2738 1
560 3437 2743 1
561 3393 2742 1
559 3356 2741 1
607 3341 2255 1
636 3439 2256 1
115 3547 3001 1
75 3462 3020 1
37 3547 3023 1
75 3546 3022 1
36 3460 3021 1
76 3624 3024 1
35 3622 3025 1
112 3663 3006 1
113 3624 3005 1
113 3610 3004 1
114 3600 3003 1
114 3585 3002 1
263 3453 2830 1
252 3529 2831 1
212 3470 2832 1
296 3558 2816 1
211 3514 2833 1
136 3468 2990 1
135 3510 2991 1
155 3551 2992 1
272 3587 2834 1
270 3624 2835 1
156 3591 2993 1
155 3627 2994 1
155 3665 2995 1
268 3665 2836 1
77 3702 3026 1
37 3701 3027 1
77 3778 3028 1
112 3699 3007 1
37 3780 3029 1
112 3779 3009 1
112 3739 3008 1
-4 3873 3032 1
36 3856 3031 1
-68 3905 3036 1
38 3941 3037 1
78 3858 3030 1
113 3858 3011 1
114 3898 3012 1
156 3791 2998 1
270 3706 2837 1
296 3743 2818 1
116 3819 3010 1
154 3707 2996 1
270 3820 2840 1
270 3784 2839 1
270 3742 2838 1
152 3744 2997 1
270 3858 2841 1
271 3916 2842 1
157 3861 3000 1
213 3824 2843 1
194 3917 2844 1
155 3822 2999 1
384 3512 2785 1
388 3548 2786 1
349 3477 2803 1
460 3489 2769 1
443 3519 2770 1
452 3565 2771 1
307 3501 2815 1
347 3511 2804 1
348 3547 2805 1
346 3604 2806 1
346 3643 2807 1
347 3687 2808 1
461 3685 2774 1
463 3644 2773 1
464 3606 2772 1
327 3629 2817 1
424 3687 2789 1
403 3646 2788 1
374 3609 2787 1
597 3533 2257 1
558 3532 2755 1
559 3568 2756 1
559 3604 2757 1
562 3645 2758 1
558 3685 2759 1
406 3743 2790 1
462 3721 2775 1
463 3761 2776 1
462 3801 2777 1
348 3798 2811 1
346 3762 2810 1
348 3724 2809 1
442 3919 2792 1
462 3840 2778 1
344 3839 2812 1
347 3876 2813 1
462 3877 2779 1
405 3906 2791 1
509 3879 2768 1
609 3940 2258 1
511 3840 2767 1
509 3800 2766 1
520 3760 2765 1
561 3879 2764 1
560 3839 2763 1
559 3800 2762 1
561 3724 2760 1
558 3766 2761 1
677 3320 2237 1
676 3359 2238 1
675 3396 2239 1
674 3436 2240 1
703 3459 2221 1
748 3550 2147 1
780 3572 2146 1
666 3472 2241 1
676 3531 2242 1
785 3527 2145 1
675 3571 2243 1
674 3648 2245 1
672 3609 2244 1
675 3684 2246 1
733 3607 2223 1
692 3587 2222 1
731 3644 2224 1
733 3687 2225 1
734 3723 2226 1
732 3767 2227 1
732 3804 2228 1
750 3708 2148 1
674 3764 2248 1
675 3726 2247 1
674 3802 2249 1
676 3877 2251 1
674 3844 2250 1
733 3880 2230 1
734 3844 2229 1
369 2392 2679 2
365 2427 2680 2
318 2428 2690 2
435 2373 2640 2
463 2438 2642 2
436 2437 2641 2
597 2317 2172 2
597 2278 2171 2
484 2313 2638 2
658 2239 2156 2
657 2274 2157 2
657 2314 2158 2
657 2356 2159 2
654 2430 2161 2
494 2458 2643 2
598 2354 2173 2
597 2393 2174 2
598 2432 2175 2
657 2390 2160 2
280 2563 2713 2
279 2527 2712 2
205 2699 2861 2
282 2640 2717 2
280 2679 2719 2
283 2600 2715 2
204 2759 2863 2
205 2721 2862 2
281 2832 2727 2
283 2794 2725 2
279 2755 2723 2
282 2717 2721 2
282 2869 2729 2
280 2910 2731 2
281 2949 2733 2
321 2680 2718 2
316 2640 2716 2
387 2554 2706 2
321 2604 2714 2
385 2524 2705 2
308 2526 2711 2
348 2503 2704 2
365 2582 2707 2
376 2622 2708 2
484 2516 2644 2
655 2469 2162 2
656 2509 2163 2
598 2551 2177 2
484 2552 2645 2
597 2516 2176 2
483 2707 2649 2
520 2709 2662 2
521 2669 2663 2
522 2631 2664 2
520 2593 2665 2
483 2592 2646 2
483 2630 2647 2
484 2671 2648 2
600 2629 2202 2
598 2592 2201 2
596 2671 2203 2
598 2707 2204 2
639 2595 2191 2
636 2631 2192 2
639 2673 2193 2
637 2708 2194 2
320 2717 2720 2
320 2757 2722 2
318 2798 2724 2
395 2952 2710 2
319 2833 2726 2
394 2750 2709 2
318 2870 2728 2
321 2910 2730 2
320 2949 2732 2
482 2824 2652 2
482 2784 2651 2
484 2748 2650 2
524 2745 2661 2
521 2787 2660 2
521 2823 2659 2
635 2822 2197 2
596 2748 2205 2
635 2787 2196 2
596 2787 2206 2
635 2748 2195 2
597 2825 2207 2
485 2903 2654 2
484 2863 2653 2
483 2939 2655 2
521 2941 2656 2
523 2862 2658 2
520 2899 2657 2
636 2944 2200 2
636 2902 2199 2
657 2881 2190 2
636 2863 2198 2
595 2943 2210 2
595 2900 2209 2
598 2863 2208 2
926 2317 2040 2
886 2315 2054 2
890 2276 2053 2
926 2391 2042 2
929 2429 2043 2
888 2353 2055 2
888 2392 2056 2
928 2354 2041 2
886 2430 2057 2
831 2503 2134 2
842 2583 2135 2
697 2630 2189 2
689 2693 2188 2
734 2663 2178 2
735 2701 2179 2
926 2469 2044 2
924 2508 2045 2
861 2487 2133 2
889 2509 2059 2
887 2468 2058 2
869 2633 2062 2
947 2659 2063 2
910 2588 2060 2
947 2662 2061 2
964 2624 2024 2
1005 2681 2025 2
946 2700 2064 2
849 2665 2078 2
849 2699 2077 2
847 2736 2076 2
848 2775 2075 2
847 2813 2074 2
704 2834 2186 2
735 2814 2182 2
735 2780 2181 2
759 2718 2136 2
791 2779 2137 2
680 2771 2187 2
735 2741 2180 2
732 2896 2184 2
734 2851 2183 2
734 2932 2185 2
847 2929 2071 2
848 2891 2072 2
947 2815 2067 2
945 2856 2068 2
946 2777 2066 2
946 2740 2065 2
984 2719 2026 2
947 2894 2069 2
944 2932 2070 2
850 2854 2073 2
1050 2507 2023 2
1119 2470 1946 2
1119 2573 1948 2
1155 2661 1950 2
1159 2700 1951 2
1063 2701 1962 2
1062 2657 1961 2
1194 2740 1949 2
1159 2738 1952 2
1108 2815 1958 2
1160 2776 1953 2
1082 2758 1960 2
1063 2816 1965 2
1161 2815 1954 2
1064 2739 1963 2
1062 2776 1964 2
1159 2854 1955 2
1061 2850 1966 2
1060 2894 1967 2
1059 2933 1968 2
1108 2912 1959 2
1157 2892 1956 2
357 3037 2781 2
473 3011 2666 2
444 3036 2780 2
463 3085 2745 2
462 3122 2746 2
464 3163 2747 2
578 3144 2252 2
547 3010 2213 2
628 2998 2212 2
558 3201 2737 2
557 3089 2734 2
556 3164 2736 2
559 3125 2735 2
620 3223 2253 2
829 3000 2139 2
780 2967 2138 2
733 3020 2211 2
734 3087 2214 2
848 3202 2093 2
733 3125 2215 2
736 3164 2216 2
732 3202 2217 2
674 3086 2231 2
676 3122 2232 2
674 3169 2233 2
674 3199 2234 2
1004 3059 2028 2
1031 3009 2027 2
970 3018 2029 2
944 3021 2081 2
867 3019 2080 2
863 2987 2079 2
849 3125 2091 2
850 3162 2092 2
945 3160 2084 2
944 3127 2083 2
941 3088 2082 2
849 3087 2090 2
559 3279 2739 3
558 3317 2740 3
640 3271 2254 3
620 3223 2253 3
560 3437 2743 3
561 3393 2742 3
559 3356 2741 3
607 3341 2255 3
636 3439 2256 3
597 3533 2257 3
558 3532 2755 3
559 3568 2756 3
559 3604 2757 3
562 3645 2758 3
558 3685 2759 3
559 3800 2762 3
561 3724 2760 3
558 3766 2761 3
734 3087 2214 3
848 3202 2093 3
733 3125 2215 3
736 3164 2216 3
732 3202 2217 3
674 3169 2233 3
674 3199 2234 3
1004 3059 2028 3
849 3125 2091 3
850 3162 2092 3
945 3203 2085 3
945 3160 2084 3
944 3127 2083 3
941 3088 2082 3
849 3087 2090 3
819 3279 2141 3
808 3237 2140 3
760 3319 2142 3
734 3320 2220 3
733 3277 2219 3
677 3320 2237 3
675 3279 2236 3
672 3241 2235 3
732 3237 2218 3
676 3359 2238 3
675 3396 2239 3
674 3436 2240 3
780 3424 2143 3
808 3444 2144 3
850 3242 2094 3
850 3283 2095 3
853 3319 2096 3
943 3242 2086 3
945 3275 2087 3
946 3321 2088 3
945 3359 2089 3
910 3440 2098 3
938 3441 2097 3
968 3425 2031 3
1003 3426 2030 3
1109 3068 1978 3
1062 3131 1982 3
1121 3105 1979 3
1194 3144 1885 3
1158 3088 1970 3
1160 3126 1971 3
1155 3166 1972 3
1064 3088 1981 3
1064 3162 1983 3
1062 3203 1984 3
1158 3201 1973 3
1275 3199 1880 3
1273 3164 1881 3
1276 3126 1882 3
1320 3201 1886 3
1224 3184 1884 3
1097 3206 1980 3
1158 3356 1977 3
1158 3320 1976 3
1061 3241 1985 3
1059 3280 1986 3
1061 3320 1987 3
1062 3357 1988 3
1159 3242 1974 3
1157 3282 1975 3
1372 3240 1869 3
1322 3260 1887 3
1273 3239 1879 3
1276 3318 1876 3
1274 3278 1877 3
1233 3280 1878 3
1369 3287 1870 3
1369 3317 1871 3
1374 3358 1872 3
1328 3417 1873 3
1271 3357 1875 3
1294 3421 1874 3
703 3459 2221 3
748 3550 2147 3
780 3572 2146 3
666 3472 2241 3
676 3531 2242 3
785 3527 2145 3
675 3571 2243 3
674 3648 2245 3
672 3609 2244 3
675 3684 2246 3
733 3607 2223 3
848 3647 2116 3
848 3607 2115 3
692 3587 2222 3
731 3644 2224 3
733 3687 2225 3
943 3609 2101 3
946 3647 2102 3
947 3683 2103 3
849 3683 2117 3
867 3522 2114 3
943 3530 2099 3
947 3570 2100 3
734 3723 2226 3
732 3767 2227 3
732 3804 2228 3
750 3708 2148 3
848 3727 2118 3
674 3764 2248 3
675 3726 2247 3
674 3802 2249 3
826 3821 2123 3
676 3877 2251 3
674 3844 2250 3
811 3858 2124 3
733 3880 2230 3
734 3844 2229 3
852 3757 2119 3
850 3800 2120 3
947 3725 2104 3
947 3761 2105 3
946 3803 2106 3
904 3703 2109 3
904 3793 2111 3
928 3742 2110 3
895 3834 2112 3
946 3883 2108 3
946 3843 2107 3
897 3859 2113 3
850 3878 2122 3
849 3841 2121 3
1157 3530 1993 3
1158 3569 1994 3
1118 3501 2003 3
1061 3568 2007 3
1059 3529 2006 3
1213 3625 1989 3
1063 3607 2008 3
1153 3686 1997 3
1160 3645 1996 3
1159 3611 1995 3
1062 3647 2009 3
1061 3682 2010 3
1392 3504 1888 3
1370 3528 1893 3
1274 3528 1906 3
1272 3567 1907 3
1370 3569 1894 3
1272 3648 1909 3
1371 3683 1897 3
1369 3646 1896 3
1273 3683 1910 3
1368 3612 1895 3
1272 3606 1908 3
1312 3586 1905 3
1224 3667 1990 3
1062 3730 2011 3
1059 3763 2012 3
1061 3801 2013 3
1204 3783 1992 3
1158 3729 1998 3
1158 3765 1999 3
1118 3794 2004 3
1186 3743 1991 3
1156 3801 2000 3
1157 3843 2001 3
1157 3880 2002 3
1118 3870 2005 3
1060 3880 2015 3
1059 3842 2014 3
1367 3801 1900 3
1274 3808 1913 3
1273 3764 1912 3
1272 3722 1911 3
1370 3765 1899 3
1370 3723 1898 3
1332 3792 1904 3
1331 3871 1903 3
1274 3841 1914 3
1274 3879 1915 3
1423 3532 1889 3
1399 3764 1890 3
2105 2894 686 4
2105 2933 687 4
2104 2855 685 4
2209 2813 694 4
2299 2816 707 4
2297 2776 708 4
2186 2814 695 4
2301 2933 704 4
2301 2896 705 4
2187 2932 691 4
2183 2893 692 4
2185 2853 693 4
2298 2854 706 4
2379 2749 468 4
2377 2786 469 4
2446 2769 475 4
2493 2748 485 4
2377 2825 470 4
2493 2786 484 4
2492 2825 483 4
2375 2865 471 4
2378 2903 472 4
2376 2943 473 4
2492 2865 482 4
2491 2902 481 4
2491 2942 480 4
2686 2868 300 4
2645 2866 302 4
2643 2906 303 4
2604 2905 305 4
2761 2903 114 4
2531 2787 487 4
2531 2827 486 4
1929 3049 900 4
1930 3049 921 4
1911 3201 917 4
1910 3165 918 4
1912 3124 919 4
2028 2992 922 4
2026 2992 899 4
2106 2992 688 4
2107 3165 719 4
2075 3104 717 4
2106 3087 716 4
2108 3123 718 4
2105 3201 720 4
1990 3088 901 4
1990 3125 902 4
1989 3165 903 4
1988 3203 904 4
1911 3278 915 4
1911 3318 914 4
1911 3240 916 4
1909 3357 913 4
2103 3318 723 4
2036 3318 910 4
2106 3277 722 4
1990 3244 905 4
2107 3242 721 4
1986 3280 906 4
1989 3317 907 4
1989 3357 908 4
1989 3419 909 4
2045 3389 911 4
2106 3359 724 4
2106 3416 725 4
2106 3606 748 4
2062 3604 747 4
2300 2991 702 4
2300 2964 703 4
2175 3029 689 4
2222 2990 690 4
2298 3084 737 4
2279 3184 735 4
2182 3081 733 4
2299 3125 738 4
2298 3165 739 4
2184 3201 730 4
2184 3163 731 4
2183 3122 732 4
2377 2981 474 4
2376 3057 489 4
2494 2982 479 4
2328 3077 736 4
2495 3059 510 4
2493 3170 507 4
2492 3127 508 4
2494 3095 509 4
2378 3175 492 4
2376 3136 491 4
2376 3095 490 4
2296 3205 740 4
2299 3239 741 4
2300 3324 743 4
2222 3222 734 4
2185 3356 726 4
2185 3319 727 4
2184 3277 728 4
2295 3280 742 4
2299 3355 744 4
2181 3242 729 4
2377 3212 493 4
2339 3260 745 4
2377 3251 494 4
2375 3288 495 4
2493 3210 506 4
2493 3248 505 4
2492 3286 504 4
2493 3326 503 4
2495 3368 502 4
2494 3403 501 4
2454 3444 500 4
2424 3426 499 4
2376 3408 498 4
2378 3368 497 4
2327 3416 746 4
2377 3328 496 4
2515 3013 478 4
2529 2979 477 4
2645 2984 304 4
2568 3037 312 4
2568 3079 313 4
2605 3136 307 4
2568 3119 314 4
2567 3157 315 4
2566 3195 316 4
2642 3195 149 4
2605 3109 306 4
2761 2983 115 4
2799 3041 116 4
2683 3196 148 4
2712 3194 147 4
2752 3198 146 4
2721 3147 145 4
2720 3100 144 4
2799 3117 118 4
2800 3083 117 4
2799 3085 119 4
2799 3195 120 4
2567 3428 322 4
2604 3410 311 4
2566 3386 321 4
2568 3350 320 4
2606 3290 308 4
2606 3333 309 4
2606 3368 310 4
2566 3310 319 4
2568 3274 318 4
2567 3234 317 4
2760 3409 153 4
2761 3369 152 4
2761 3332 151 4
2798 3234 121 4
2799 3274 122 4
2798 3312 123 4
2798 3350 124 4
2797 3389 125 4
2799 3427 126 4
2763 3292 150 4
2167 3618 749 4
2390 3550 511 4
2385 3695 512 4
2800 3464 127 4
2732 3467 154 4
2701 3621 155 4
2568 3466 323 4
2059 732 784 5
2130 803 569 5
2059 772 785 5
2050 812 786 5
1951 893 820 5
2128 807 553 5
1954 972 819 5
2058 981 797 5
1951 896 796 5
2188 642 555 5
2148 728 551 5
2144 651 549 5
2150 691 550 5
2266 730 561 5
2303 709 562 5
2267 615 566 5
2233 728 558 5
2265 689 563 5
2312 650 564 5
2266 651 565 5
2466 574 361 5
2352 574 350 5
2350 614 351 5
2350 652 352 5
2466 649 359 5
2466 613 360 5
2466 692 358 5
2352 691 353 5
2466 729 357 5
2350 727 354 5
2148 848 552 5
2267 767 560 5
2167 848 570 5
2245 843 571 5
2286 885 572 5
2167 921 573 5
2136 939 574 5
2303 767 559 5
2475 833 367 5
2495 941 368 5
2388 942 369 5
2348 940 370 5
2438 875 366 5
2351 768 355 5
2418 836 365 5
2467 765 356 5
2350 827 364 5
2543 734 205 5
2543 691 204 5
2542 657 203 5
2542 615 202 5
2660 656 192 5
2661 701 193 5
2658 733 194 5
2761 731 37 5
2541 771 206 5
2542 808 207 5
2543 847 208 5
2540 877 209 5
2581 770 198 5
2620 916 211 5
2659 772 195 5
2617 847 210 5
2762 770 38 5
2761 808 39 5
2801 946 40 5
2723 943 42 5
2800 810 29 5
2800 772 28 5
2070 1031 798 5
2069 1069 799 5
1950 1068 817 5
1954 1028 818 5
1971 1087 821 5
2009 1032 822 5
2068 1223 803 5
2068 1182 802 5
2068 1142 801 5
2067 1107 800 5
1950 1111 816 5
1951 1146 815 5
1951 1183 814 5
1950 1223 813 5
2000 1205 811 5
2068 1259 804 5
2074 1299 805 5
2107 1327 806 5
1951 1257 812 5
2021 1243 810 5
2038 1281 809 5
2028 1318 808 5
2067 1365 807 5
2261 1026 602 5
2261 1065 601 5
2263 1104 600 5
2224 1066 590 5
2148 1063 576 5
2149 1031 575 5
2206 1106 589 5
2186 1142 588 5
2206 1181 587 5
2147 1107 577 5
2149 1143 578 5
2145 1183 579 5
2146 1219 580 5
2193 1221 586 5
2281 1164 598 5
2263 1182 597 5
2291 1221 596 5
2264 1143 599 5
2264 1220 595 5
2466 1075 390 5
2475 1008 371 5
2466 1038 372 5
2350 1075 374 5
2351 1040 373 5
2349 1114 375 5
2388 1209 381 5
2408 1116 382 5
2347 1152 376 5
2349 1192 377 5
2462 1112 389 5
2484 1212 386 5
2465 1190 387 5
2465 1158 388 5
2263 1260 594 5
2261 1296 593 5
2265 1339 592 5
2148 1333 583 5
2146 1261 581 5
2148 1300 582 5
2253 1463 603 5
2265 1375 591 5
2173 1462 604 5
2195 1378 585 5
2146 1377 584 5
2465 1232 385 5
2466 1269 384 5
2349 1232 378 5
2348 1270 379 5
2348 1307 380 5
2468 1310 383 5
2494 1349 431 5
2367 1354 391 5
2473 1373 399 5
2465 1471 398 5
2380 1433 392 5
2338 1452 393 5
2436 1431 395 5
2425 1394 396 5
2426 1358 397 5
2542 1040 227 5
2540 1079 228 5
2570 1004 212 5
2529 1003 213 5
2656 1042 214 5
2658 1082 215 5
2657 1159 217 5
2656 1118 216 5
2656 1200 218 5
2541 1121 229 5
2540 1156 230 5
2539 1195 231 5
2616 1137 222 5
2617 1195 223 5
2558 1214 226 5
2759 1098 57 5
2800 1098 45 5
2702 1003 44 5
2724 1029 43 5
2803 1034 41 5
2831 1158 47 5
2801 1178 48 5
2800 1216 49 5
2761 1213 60 5
2799 1137 46 5
2762 1138 58 5
2762 1178 59 5
2540 1311 234 5
2540 1272 233 5
2539 1231 232 5
2501 1342 235 5
2657 1314 221 5
2657 1272 220 5
2657 1236 219 5
2624 1273 224 5
2598 1314 225 5
2540 1358 236 5
2540 1398 237 5
2512 1436 238 5
2628 1435 239 5
2800 1331 53 5
2800 1292 52 5
2763 1255 61 5
2801 1254 51 5
2829 1237 50 5
2763 1330 63 5
2761 1293 62 5
2704 1437 137 5
2759 1411 65 5
2761 1369 64 5
2252 1521 627 5
2378 1558 419 5
2380 1524 420 5
2321 1522 400 5
2415 1482 394 5
2643 1484 240 5
2646 1486 251 5
2548 1524 255 5
2494 1349 431 6
2473 1373 399 6
2465 1471 398 6
2380 1433 392 6
2436 1431 395 6
2425 1394 396 6
2800 1216 49 6
2761 1213 60 6
2540 1311 234 6
2501 1342 235 6
2657 1314 221 6
2657 1272 220 6
2657 1236 219 6
2624 1273 224 6
2598 1314 225 6
2540 1358 236 6
2540 1398 237 6
2512 1436 238 6
2628 1435 239 6
2800 1331 53 6
2800 1292 52 6
2763 1255 61 6
2801 1254 51 6
2829 1237 50 6
2763 1330 63 6
2761 1293 62 6
2761 1446 66 6
2704 1437 137 6
2759 1411 65 6
2761 1369 64 6
2801 1370 54 6
2799 1409 55 6
2804 1450 56 6
2320 1598 402 6
2378 1597 418 6
2378 1558 419 6
2380 1524 420 6
2494 1559 430 6
2415 1482 394 6
2492 1634 428 6
2493 1601 429 6
2320 1673 404 6
2321 1717 405 6
2318 1638 403 6
2493 1714 426 6
2491 1676 427 6
2376 1637 417 6
2377 1679 416 6
2378 1714 415 6
2492 1753 425 6
2493 1791 424 6
2495 1830 423 6
2378 1752 414 6
2322 1755 406 6
2321 1794 407 6
2321 1832 408 6
2378 1789 413 6
2349 1831 410 6
2378 1830 412 6
2377 1870 411 6
2493 1868 422 6
2474 1953 440 6
2643 1484 240 6
2646 1486 251 6
2617 1525 252 6
2666 1560 242 6
2667 1524 241 6
2548 1524 255 6
2550 1561 256 6
2628 1715 253 6
2552 1600 257 6
2550 1640 258 6
2665 1601 243 6
2667 1640 244 6
2665 1679 245 6
2550 1677 259 6
2551 1717 260 6
2760 1543 79 6
2763 1586 80 6
2760 1506 78 6
2800 1548 69 6
2801 1507 68 6
2704 1583 138 6
2801 1581 70 6
2761 1621 81 6
2761 1659 82 6
2761 1698 83 6
2801 1619 71 6
2703 1680 139 6
2799 1656 72 6
2800 1698 73 6
2666 1794 248 6
2666 1755 247 6
2665 1728 246 6
2549 1832 263 6
2551 1756 261 6
2618 1756 254 6
2551 1798 262 6
2665 1836 249 6
2525 1880 421 6
2667 1873 250 6
2550 1874 264 6
2579 1893 265 6
2665 1935 266 6
2800 1856 77 6
2799 1820 76 6
2762 1737 84 6
2761 1775 85 6
2762 1821 86 6
2762 1853 87 6
2800 1781 75 6
2800 1738 74 6
2454 2041 439 6
2495 2022 448 6
2493 2061 447 6
2538 1987 282 6
2548 2025 281 6
2647 1991 267 6
2667 2025 268 6
2667 2064 269 6
2548 2064 280 6
2549 2103 279 6
2667 2104 270 6
2666 2178 272 6
2665 2139 271 6
2761 2184 101 6
2761 2144 100 6
2760 2105 99 6
2760 2066 98 6
2798 2102 89 6
2800 2067 88 6
2788 2167 111 6
2799 2143 90 6
2801 2183 91 6
1029 942 1497 7
1142 729 1488 7
1337 733 1410 7
1336 689 1409 7
1336 650 1408 7
1257 689 1395 7
1259 727 1396 7
1141 768 1489 7
1142 804 1490 7
1105 805 1477 7
1047 847 1475 7
1174 942 1502 7
1085 928 1496 7
1047 887 1476 7
1094 900 1495 7
1183 863 1494 7
1218 861 1493 7
1258 864 1399 7
1258 804 1398 7
1259 765 1397 7
1336 768 1411 7
1335 803 1412 7
1335 844 1413 7
1333 885 1414 7
1384 806 1415 7
998 1104 1504 7
998 1066 1503 7
1027 998 1498 7
997 1222 1507 7
999 1181 1506 7
995 1145 1505 7
998 1339 1510 7
997 1298 1509 7
996 1261 1508 7
1048 1056 1526 7
1173 1093 1530 7
1059 1092 1525 7
1171 1055 1529 7
1202 1000 1501 7
1174 996 1500 7
1144 1009 1499 7
1058 1136 1524 7
1174 1179 1533 7
1137 1134 1532 7
1172 1212 1534 7
1057 1172 1523 7
1102 1171 1528 7
1078 1154 1527 7
1058 1210 1522 7
1172 1135 1531 7
1279 990 1416 7
1279 1062 1417 7
1357 1068 1431 7
1239 1174 1419 7
1238 1210 1420 7
1277 1193 1428 7
1395 1192 1435 7
1315 1152 1429 7
1359 1214 1436 7
1236 1135 1418 7
1356 1172 1433 7
1356 1130 1432 7
1172 1292 1537 7
1152 1270 1536 7
1172 1330 1538 7
1170 1251 1535 7
1056 1249 1521 7
1053 1284 1520 7
1053 1325 1519 7
1095 1424 1514 7
1055 1400 1515 7
1054 1363 1516 7
1083 1384 1517 7
1094 1355 1518 7
1093 1452 1513 7
1055 1431 1512 7
1170 1408 1540 7
1208 1406 1426 7
1171 1368 1539 7
1353 1326 1440 7
1296 1319 1430 7
1354 1288 1439 7
1357 1251 1438 7
1239 1329 1423 7
1375 1231 1437 7
1239 1288 1422 7
1239 1250 1421 7
1356 1406 1442 7
1238 1364 1424 7
1238 1408 1425 7
1238 1444 1427 7
1357 1368 1441 7
1140 1523 1698 7
1175 1522 1697 7
1215 1523 1696 7
1292 1524 1694 7
1332 1523 1693 7
1370 1524 1692 7
1252 1523 1695 7
1370 1594 1735 7
1274 1560 1739 7
1361 1626 1736 7
1453 731 1210 7
1542 727 1218 7
1576 708 1220 7
1539 689 1221 7
1533 647 1222 7
1454 687 1209 7
1451 652 1208 7
1653 692 1079 7
1654 730 1080 7
1542 891 1215 7
1537 809 1216 7
1540 767 1217 7
1451 765 1211 7
1401 976 1434 7
1452 805 1212 7
1452 844 1213 7
1452 880 1214 7
1650 856 1082 7
1651 770 1081 7
1742 766 1074 7
1615 765 1219 7
1749 979 995 7
1863 981 982 7
1847 904 981 7
1412 1054 1227 7
1432 1073 1228 7
1570 1055 1241 7
1452 1056 1229 7
1449 1093 1230 7
1570 1092 1242 7
1449 1172 1232 7
1454 1210 1233 7
1567 1171 1244 7
1567 1131 1243 7
1450 1132 1231 7
1566 1209 1245 7
1509 1206 1239 7
1748 1213 1001 7
1663 1056 1255 7
1748 1175 1000 7
1749 1138 999 7
1749 1098 998 7
1749 1018 996 7
1750 1059 997 7
1660 1089 1254 7
1663 1171 1253 7
1605 1190 1252 7
1451 1324 1236 7
1452 1289 1235 7
1452 1252 1234 7
1567 1322 1248 7
1566 1290 1247 7
1567 1251 1246 7
1529 1291 1240 7
1567 1405 1250 7
1565 1370 1249 7
1450 1366 1237 7
1452 1406 1238 7
1717 1291 1004 7
1749 1293 1003 7
1750 1250 1002 7
1749 1330 1005 7
1750 1371 1006 7
1751 1409 1007 7
1697 1389 1008 7
1586 1232 1251 7
1631 1473 1677 7
1836 1214 994 7
1868 1174 987 7
1866 1020 983 7
1866 1055 984 7
1866 1099 985 7
1865 1137 986 7
1866 1215 988 7
1864 1369 992 7
1863 1329 991 7
1866 1292 990 7
1866 1251 989 7
1408 1523 1691 7
1448 1524 1690 7
1485 1521 1689 7
1533 1492 1678 7
1563 1551 1724 7
1574 1596 1725 7
1563 1524 1687 7
1523 1524 1688 7
1488 1562 1728 7
1451 1561 1729 7
1464 1610 1730 7
1410 1627 1732 7
1640 1525 1685 7
1660 1559 1720 7
1601 1522 1686 7
1606 1548 1723 7
1756 1494 1674 7
1717 1484 1675 7
1679 1484 1676 7
1719 1525 1683 7
1678 1524 1684 7
1176 1870 1779 8
1178 1813 1740 8
1139 1869 1780 8
1102 1910 1802 8
1100 1872 1781 8
1144 1909 1801 8
1234 1936 1800 8
1256 1899 1799 8
1391 1776 1734 8
1313 1783 1738 8
1218 1872 1778 8
1253 1873 1777 8
1294 1872 1776 8
1333 1872 1775 8
1369 1872 1774 8
1334 1754 1737 8
1411 1693 1733 8
1488 1715 1731 8
1563 1899 1797 8
1456 1928 1798 8
1409 1871 1773 8
1448 1873 1772 8
1574 1763 1726 8
1548 1832 1727 8
1487 1871 1771 8
1526 1870 1770 8
1564 1871 1769 8
1602 1871 1768 8
1642 1871 1767 8
1717 1869 1765 8
1756 1869 1764 8
1622 1820 1722 8
1680 1870 1766 8
1699 1744 1718 8
1727 1947 1098 8
1739 1773 1716 8
1642 1902 1796 8
1853 1952 1022 8
1852 1834 1021 8
1012 2100 2020 8
1083 2026 2018 8
1073 2061 2019 8
1157 2003 1932 8
1157 2042 1933 8
1158 2081 1934 8
1199 2079 1921 8
1198 2043 1920 8
1195 2006 1919 8
1072 2198 2021 8
1197 2119 1922 8
1199 2162 1923 8
1196 2200 1924 8
1156 2200 1937 8
1159 2162 1936 8
1158 2118 1935 8
1313 2156 1833 8
1234 2182 1916 8
1380 2004 1826 8
1198 2238 1925 8
1197 2317 1927 8
1195 2278 1926 8
1156 2240 1938 8
1156 2278 1939 8
1159 2315 1940 8
1157 2351 1941 8
1160 2393 1942 8
1159 2431 1943 8
1198 2357 1928 8
1196 2392 1929 8
1197 2432 1930 8
1351 2340 1831 8
1352 2311 1830 8
1380 2239 1828 8
1248 2241 1917 8
1226 2276 1918 8
1351 2410 1832 8
1270 2334 1834 8
1155 2472 1944 8
1161 2509 1945 8
1206 2489 1931 8
1119 2470 1946 8
1191 2576 1947 8
1343 2547 1837 8
1291 2527 1839 8
1265 2560 1840 8
1379 2550 1836 8
1274 2490 1835 8
1362 2602 1838 8
1430 2082 1815 8
1556 2078 1269 8
1490 2080 1257 8
1475 1984 1812 8
1428 2007 1813 8
1429 2044 1814 8
1429 2198 1818 8
1429 2160 1817 8
1410 2102 1827 8
1490 2121 1258 8
1487 2157 1259 8
1487 2198 1260 8
1517 2196 1267 8
1557 2215 1268 8
1430 2122 1816 8
1668 2003 1102 8
1668 2044 1103 8
1668 2083 1104 8
1706 2082 1100 8
1730 1986 1099 8
1604 2074 1272 8
1602 2079 1270 8
1598 1995 1256 8
1604 2118 1271 8
1670 2200 1107 8
1605 2199 1273 8
1669 2161 1106 8
1669 2121 1105 8
1430 2238 1819 8
1429 2277 1820 8
1428 2314 1821 8
1489 2314 1263 8
1487 2274 1262 8
1489 2235 1261 8
1432 2369 1822 8
1428 2391 1823 8
1487 2351 1264 8
1492 2393 1265 8
1488 2429 1266 8
1429 2427 1824 8
1409 2370 1829 8
1758 2317 1092 8
1670 2237 1108 8
1669 2274 1109 8
1669 2317 1110 8
1603 2316 1276 8
1601 2237 1274 8
1604 2272 1275 8
1669 2356 1111 8
1604 2355 1277 8
1604 2391 1278 8
1603 2427 1279 8
1709 2429 1101 8
1757 2374 1094 8
1669 2391 1112 8
1666 2430 1113 8
1787 2085 1085 8
1930 2024 1023 8
1853 2023 1030 8
1855 2083 1031 8
1788 2045 1084 8
1785 2005 1083 8
1854 2160 1033 8
1854 2201 1034 8
1788 2120 1086 8
1788 2160 1087 8
1786 2200 1088 8
1856 2123 1032 8
1971 2082 868 8
1972 2201 871 8
1970 2161 870 8
1970 2120 869 8
1929 2236 1024 8
1856 2317 1037 8
1853 2277 1036 8
1855 2236 1035 8
1942 2277 1025 8
1921 2314 1026 8
1786 2238 1089 8
1787 2316 1091 8
1787 2274 1090 8
1923 2382 1027 8
1852 2431 1040 8
1788 2355 1093 8
1789 2368 1095 8
1855 2394 1039 8
1855 2356 1038 8
1785 2431 1096 8
1884 2451 1029 8
1969 2278 873 8
1970 2239 872 8
1425 2493 1825 8
1535 2668 1299 8
1477 2491 1280 8
1458 2546 1281 8
1468 2613 1282 8
1494 2552 1283 8
1548 2553 1284 8
1488 2659 1287 8
1605 2494 1286 8
1594 2544 1285 8
1630 2530 1117 8
1583 2660 1300 8
1680 2515 1116 8
1745 2568 1115 8
1777 2471 1097 8
1797 2529 1114 8
1343 2547 1837 9
1291 2527 1839 9
1265 2560 1840 9
1379 2550 1836 9
1363 2662 1842 9
1369 2701 1843 9
1286 2635 1841 9
1362 2602 1838 9
1271 2701 1858 9
1273 2664 1859 9
1194 2740 1949 9
1160 2776 1953 9
1161 2815 1954 9
1159 2854 1955 9
1163 2929 1957 9
1157 2892 1956 9
1370 2817 1847 9
1394 2722 1844 9
1370 2782 1846 9
1272 2737 1857 9
1275 2780 1856 9
1371 2740 1845 9
1274 2814 1855 9
1273 2852 1854 9
1272 2893 1853 9
1273 2933 1852 9
1369 2935 1851 9
1369 2894 1850 9
1369 2857 1848 9
1176 3028 1969 9
1272 2961 1861 9
1390 2982 1862 9
1252 3025 1863 9
1343 3049 1864 9
1234 2963 1860 9
1372 3128 1866 9
1275 3199 1880 9
1373 3166 1867 9
1371 3201 1868 9
1273 3164 1881 9
1276 3126 1882 9
1275 3085 1883 9
1372 3087 1865 9
1320 3201 1886 9
1372 3240 1869 9
1322 3260 1887 9
1369 3287 1870 9
1488 2429 1266 9
1604 2391 1278 9
1603 2427 1279 9
1709 2429 1101 9
1669 2391 1112 9
1666 2430 1113 9
1852 2431 1040 9
1785 2431 1096 9
1884 2451 1029 9
1425 2493 1825 9
1547 2699 1298 9
1535 2668 1299 9
1477 2491 1280 9
1458 2546 1281 9
1468 2613 1282 9
1494 2552 1283 9
1548 2553 1284 9
1486 2703 1288 9
1488 2659 1287 9
1605 2494 1286 9
1594 2544 1285 9
1630 2530 1117 9
1697 2664 1131 9
1699 2702 1132 9
1585 2701 1301 9
1583 2660 1300 9
1680 2515 1116 9
1745 2568 1115 9
1488 2735 1289 9
1488 2776 1290 9
1457 2775 1291 9
1489 2813 1292 9
1544 2775 1297 9
1487 2932 1296 9
1488 2893 1295 9
1457 2890 1294 9
1488 2855 1293 9
1409 2886 1849 9
1581 2852 1305 9
1584 2777 1303 9
1586 2815 1304 9
1699 2778 1134 9
1585 2738 1302 9
1701 2742 1133 9
1739 2779 1127 9
1736 2719 1126 9
1699 2816 1135 9
1699 2856 1136 9
1698 2894 1137 9
1583 2933 1307 9
1586 2894 1306 9
1728 2859 1128 9
1695 2937 1138 9
1729 2913 1129 9
1912 2664 891 9
1912 2703 892 9
1911 2528 1041 9
1871 2526 1042 9
1854 2645 1043 9
1777 2471 1097 9
1797 2529 1114 9
1796 2665 1118 9
1795 2703 1119 9
2106 2701 681 9
1949 2553 879 9
2009 2576 880 9
2009 2622 881 9
2029 2665 882 9
1982 2663 883 9
1986 2707 884 9
1796 2816 1122 9
1797 2778 1121 9
1798 2742 1120 9
1911 2738 893 9
1911 2779 894 9
1913 2817 895 9
1911 2858 896 9
1912 2895 897 9
1910 2932 898 9
1797 2857 1123 9
1795 2892 1124 9
1797 2934 1125 9
1988 2777 886 9
2106 2819 684 9
2105 2775 683 9
2107 2740 682 9
1988 2743 885 9
1989 2818 887 9
2105 2894 686 9
2105 2933 687 9
1988 2857 888 9
1988 2934 890 9
1988 2893 889 9
2104 2855 685 9
1485 3010 1308 9
1439 3046 1309 9
1485 3201 1314 9
1489 3162 1313 9
1493 3124 1312 9
1488 3085 1311 9
1448 3124 1310 9
1583 3065 1319 9
1717 3020 1147 9
1696 3041 1149 9
1699 3069 1150 9
1736 2963 1130 9
1700 3109 1151 9
1739 3184 1148 9
1699 3183 1153 9
1700 3143 1152 9
1583 3182 1323 9
1585 3146 1322 9
1588 3102 1321 9
1624 3107 1320 9
1492 3244 1315 9
1488 3357 1318 9
1490 3316 1317 9
1487 3279 1316 9
1601 3205 1324 9
1584 3223 1325 9
1584 3258 1326 9
1584 3300 1327 9
1700 3302 1157 9
1678 3280 1156 9
1699 3260 1155 9
1701 3223 1154 9
1582 3373 1329 9
1586 3341 1328 9
1701 3339 1158 9
1698 3379 1159 9
1851 2990 1044 9
1929 3049 900 9
1930 3049 921 9
1797 3163 1141 9
1795 3129 1140 9
1795 3088 1139 9
1911 3201 917 9
1910 3165 918 9
1912 3124 919 9
1912 3086 920 9
1797 3203 1142 9
2028 2992 922 9
2026 2992 899 9
2106 2992 688 9
2075 3104 717 9
1990 3088 901 9
1990 3125 902 9
1989 3165 903 9
1988 3203 904 9
1911 3278 915 9
1832 3298 1045 9
1795 3277 1144 9
1796 3243 1143 9
1795 3320 1145 9
1911 3240 916 9
1796 3358 1146 9
1832 3339 1046 9
1376 333 1389 10
1366 265 1388 10
1443 88 1180 10
1477 68 1190 10
1529 86 1191 10
1528 126 1192 10
1531 167 1193 10
1405 211 1387 10
1415 167 1386 10
1417 128 1385 10
1526 204 1194 10
1481 223 1189 10
1442 127 1181 10
1441 204 1183 10
1440 167 1182 10
1645 91 1058 10
1692 32 1047 10
1732 91 1048 10
1710 233 1050 10
1733 127 1049 10
1735 170 1051 10
1731 209 1052 10
1681 213 1056 10
1645 129 1059 10
1643 167 1060 10
1642 208 1061 10
1415 327 1390 10
1440 321 1186 10
1564 331 1199 10
1528 283 1196 10
1442 282 1185 10
1530 323 1197 10
1442 242 1184 10
1482 302 1187 10
1530 245 1195 10
1480 262 1188 10
1453 455 1203 10
1518 455 1226 10
1548 366 1198 10
1415 458 1200 10
1731 325 1055 10
1731 288 1054 10
1682 249 1057 10
1643 249 1062 10
1643 285 1063 10
1641 322 1064 10
1732 449 1065 10
1652 450 1066 10
1731 251 1053 10
1761 449 965 10
1937 53 769 10
1846 91 953 10
1884 90 950 10
1942 90 770 10
1789 73 960 10
1781 128 961 10
1809 182 962 10
1944 130 771 10
1819 214 963 10
1943 167 772 10
1848 132 954 10
1942 209 773 10
1848 211 956 10
1846 168 955 10
1991 187 767 10
2096 71 758 10
2097 227 759 10
2058 86 760 10
2061 131 761 10
2060 170 762 10
2058 209 763 10
1939 325 776 10
1941 285 775 10
1941 246 774 10
1848 286 958 10
1850 327 959 10
1886 245 951 10
1896 365 952 10
1848 249 957 10
1770 360 964 10
1808 453 966 10
1837 438 967 10
2111 466 540 10
2111 428 539 10
1979 325 768 10
2010 488 778 10
2037 410 777 10
2058 328 766 10
2057 285 765 10
2058 248 764 10
1452 492 1204 10
1452 534 1205 10
1402 574 1201 10
1453 572 1206 10
1412 610 1202 10
1451 612 1207 10
1539 573 1224 10
1540 610 1223 10
1538 534 1225 10
1542 727 1218 10
1576 708 1220 10
1539 689 1221 10
1533 647 1222 10
1454 687 1209 10
1451 652 1208 10
1736 537 1067 10
1741 575 1068 10
1651 534 1075 10
1652 575 1076 10
1652 614 1077 10
1651 653 1078 10
1741 730 1073 10
1740 692 1072 10
1710 655 1071 10
1741 658 1070 10
1741 614 1069 10
1653 692 1079 10
1654 730 1080 10
1540 767 1217 10
1651 770 1081 10
1742 766 1074 10
1615 765 1219 10
1942 572 790 10
1941 536 789 10
1855 576 970 10
1857 540 969 10
1903 516 968 10
1944 614 791 10
1943 654 792 10
1855 615 971 10
1943 729 794 10
1943 693 793 10
1825 731 976 10
1856 734 975 10
1859 694 974 10
1886 697 973 10
1854 652 972 10
1990 576 788 10
1989 733 787 10
2059 732 784 10
2060 691 783 10
2059 651 782 10
2059 615 781 10
2060 574 780 10
2062 538 779 10
1941 771 795 10
1856 770 977 10
1845 826 980 10
1894 829 979 10
1913 770 978 10
2059 772 785 10
2050 812 786 10
2150 91 515 10
2191 66 523 10
2227 108 525 10
2228 76 524 10
2264 167 535 10
2265 203 533 10
2302 223 532 10
2147 209 518 10
2149 165 517 10
2267 127 536 10
2150 129 516 10
2268 282 529 10
2267 325 528 10
2240 341 527 10
2218 303 526 10
2147 282 520 10
2267 243 531 10
2179 243 522 10
2149 244 519 10
2149 323 521 10
2266 464 543 10
2246 486 542 10
2229 406 545 10
2187 426 541 10
2326 306 530 10
2317 468 544 10
2150 534 546 10
2149 573 547 10
2147 611 548 10
2225 555 557 10
2262 571 567 10
2225 515 556 10
2266 534 568 10
2178 611 554 10
2188 642 555 10
2148 728 551 10
2144 651 549 10
2150 691 550 10
2111 466 540 11
2111 428 539 11
2265 87 537 11
2303 72 538 11
2305 188 534 11
2264 167 535 11
2265 203 533 11
2302 223 532 11
2267 127 536 11
2397 70 336 11
2465 90 343 11
2485 36 182 11
2352 89 324 11
2465 129 342 11
2462 168 341 11
2349 168 326 11
2406 207 333 11
2467 208 340 11
2378 168 334 11
2349 208 327 11
2348 125 325 11
2417 130 335 11
2268 282 529 11
2267 325 528 11
2240 341 527 11
2218 303 526 11
2147 282 520 11
2267 243 531 11
2179 243 522 11
2149 244 519 11
2149 323 521 11
2266 464 543 11
2246 486 542 11
2229 406 545 11
2187 426 541 11
2326 306 530 11
2494 249 184 11
2350 244 328 11
2494 245 339 11
2467 242 338 11
2349 286 329 11
2350 322 330 11
2400 333 331 11
2468 283 337 11
2466 323 332 11
2377 449 345 11
2458 392 346 11
2468 467 347 11
2421 383 344 11
2317 468 544 11
2621 -5 160 11
2545 92 172 11
2649 25 162 11
2609 48 163 11
2524 54 183 11
2659 94 164 11
2659 171 166 11
2658 134 165 11
2658 208 167 11
2541 212 175 11
2543 170 174 11
2543 131 173 11
2790 115 12 11
2697 116 134 11
2744 18 161 11
2698 39 133 11
2792 75 11 11
2830 40 0 11
2792 35 10 11
2830 114 2 11
2830 77 1 11
2831 155 3 11
2830 194 4 11
2831 231 5 11
2791 231 15 11
2716 191 135 11
2792 153 13 11
2791 191 14 11
2657 248 168 11
2660 285 169 11
2538 248 176 11
2544 288 177 11
2541 246 178 11
2541 362 179 11
2571 270 180 11
2571 325 181 11
2659 325 170 11
2659 441 187 11
2582 439 196 11
2659 368 171 11
2590 393 185 11
2641 411 186 11
2831 309 7 11
2831 269 6 11
2762 459 30 11
2800 460 20 11
2792 384 19 11
2791 345 18 11
2791 306 17 11
2830 347 8 11
2830 384 9 11
2790 271 16 11
2150 534 546 11
2149 573 547 11
2147 611 548 11
2225 555 557 11
2262 571 567 11
2225 515 556 11
2266 534 568 11
2178 611 554 11
2188 642 555 11
2144 651 549 11
2150 691 550 11
2266 730 561 11
2303 709 562 11
2267 615 566 11
2233 728 558 11
2265 689 563 11
2312 650 564 11
2266 651 565 11
2466 574 361 11
2467 540 362 11
2351 534 349 11
2352 574 350 11
2350 614 351 11
2350 652 352 11
2466 649 359 11
2466 613 360 11
2466 692 358 11
2352 691 353 11
2466 729 357 11
2350 727 354 11
2267 767 560 11
2303 767 559 11
2475 833 367 11
2495 941 368 11
2438 875 366 11
2351 768 355 11
2418 836 365 11
2467 765 356 11
2350 827 364 11
2513 572 363 11
2592 521 197 11
2507 561 348 11
2542 536 200 11
2543 579 201 11
2543 497 199 11
2658 577 190 11
2660 500 188 11
2660 538 189 11
2543 734 205 11
2659 618 191 11
2543 691 204 11
2542 657 203 11
2542 615 202 11
2660 656 192 11
2661 701 193 11
2658 733 194 11
2696 540 136 11
2800 578 23 11
2801 538 22 11
2762 591 34 11
2761 578 33 11
2761 540 32 11
2761 497 31 11
2801 499 21 11
2763 656 35 11
2762 694 36 11
2802 620 24 11
2800 654 25 11
2800 694 26 11
2802 732 27 11
2761 731 37 11
2762 617 67 11
2541 771 206 11
2542 808 207 11
2543 847 208 11
2540 877 209 11
2581 770 198 11
2620 916 211 11
2659 772 195 11
2617 847 210 11
2762 770 38 11
2761 808 39 11
2800 810 29 11
2800 772 28 11
1374 3358 1872 12
1328 3417 1873 12
1392 3504 1888 12
1370 3528 1893 12
1274 3528 1906 12
1272 3567 1907 12
1370 3569 1894 12
1272 3648 1909 12
1371 3683 1897 12
1369 3646 1896 12
1273 3683 1910 12
1368 3612 1895 12
1272 3606 1908 12
1312 3586 1905 12
1367 3801 1900 12
1274 3808 1913 12
1273 3764 1912 12
1272 3722 1911 12
1370 3765 1899 12
1370 3723 1898 12
1332 3792 1904 12
1331 3871 1903 12
1367 3882 1902 12
1368 3840 1901 12
1274 3841 1914 12
1274 3879 1915 12
1739 3184 1148 12
1699 3183 1153 12
1492 3244 1315 12
1488 3357 1318 12
1490 3316 1317 12
1487 3279 1316 12
1601 3205 1324 12
1584 3223 1325 12
1584 3258 1326 12
1584 3300 1327 12
1700 3302 1157 12
1678 3280 1156 12
1699 3260 1155 12
1701 3223 1154 12
1632 3435 1332 12
1613 3420 1331 12
1584 3417 1330 12
1582 3373 1329 12
1586 3341 1328 12
1701 3339 1158 12
1698 3379 1159 12
1697 3418 1160 12
1797 3203 1142 12
1911 3278 915 12
1832 3298 1045 12
1795 3277 1144 12
1796 3243 1143 12
1795 3320 1145 12
1911 3318 914 12
1911 3240 916 12
1911 3416 912 12
1909 3357 913 12
1796 3358 1146 12
1832 3339 1046 12
2036 3318 910 12
1986 3280 906 12
1989 3317 907 12
1989 3357 908 12
1989 3419 909 12
2045 3389 911 12
2106 3359 724 12
2106 3416 725 12
1499 3493 1335 12
1423 3532 1889 12
1487 3528 1336 12
1487 3685 1340 12
1488 3570 1337 12
1486 3596 1338 12
1487 3643 1339 12
1671 3463 1334 12
1582 3572 1348 12
1651 3568 1362 12
1697 3568 1170 12
1640 3473 1333 12
1622 3648 1360 12
1584 3686 1351 12
1698 3685 1173 12
1698 3649 1172 12
1698 3605 1171 12
1584 3648 1350 12
1583 3604 1349 12
1631 3607 1361 12
1487 3800 1343 12
1543 3742 1347 12
1547 3703 1346 12
1399 3764 1890 12
1488 3763 1342 12
1487 3722 1341 12
1580 3722 1352 12
1488 3841 1344 12
1488 3878 1345 12
1408 3862 1891 12
1439 3890 1892 12
1699 3723 1174 12
1696 3765 1175 12
1699 3798 1176 12
1584 3764 1353 12
1583 3801 1354 12
1624 3861 1357 12
1586 3878 1356 12
1584 3842 1355 12
1633 3901 1358 12
1661 3889 1359 12
1697 3847 1177 12
1695 3877 1178 12
1705 3918 1179 12
1910 3649 941 12
1911 3608 940 12
1911 3570 939 12
1890 3540 938 12
1910 3686 942 12
1794 3571 1161 12
1795 3609 1162 12
1796 3647 1163 12
1795 3686 1164 12
1949 3647 935 12
1949 3605 934 12
2104 3684 751 12
2106 3643 750 12
2106 3606 748 12
2062 3604 747 12
1988 3606 923 12
1988 3646 924 12
1989 3685 925 12
1911 3726 943 12
1911 3760 944 12
1795 3726 1165 12
1870 3782 949 12
1794 3802 1167 12
1795 3764 1166 12
1911 3802 945 12
1893 3820 948 12
1911 3880 947 12
1911 3841 946 12
1795 3840 1168 12
1796 3881 1169 12
2015 3802 931 12
1986 3724 926 12
1986 3766 927 12
1949 3811 936 12
2105 3723 752 12
2105 3764 753 12
2103 3801 754 12
1987 3803 928 12
1986 3841 929 12
2106 3841 755 12
2106 3884 756 12
1984 3880 930 12
1949 3888 937 12
2015 3881 933 12
2036 3841 932 12
2166 3850 757 12
2167 3618 749 12
1748 1213 1001 13
1748 1175 1000 13
1567 1322 1248 13
1567 1405 1250 13
1565 1370 1249 13
1717 1291 1004 13
1749 1293 1003 13
1750 1250 1002 13
1749 1330 1005 13
1750 1371 1006 13
1751 1409 1007 13
1697 1389 1008 13
1631 1473 1677 13
1836 1214 994 13
1868 1174 987 13
1865 1137 986 13
1866 1215 988 13
2068 1223 803 13
2068 1182 802 13
2068 1142 801 13
1951 1146 815 13
1951 1183 814 13
1950 1223 813 13
2000 1205 811 13
1862 1402 993 13
1864 1369 992 13
1863 1329 991 13
1866 1292 990 13
1866 1251 989 13
1941 1427 825 13
1912 1409 824 13
1893 1348 823 13
2068 1259 804 13
1967 1351 850 13
2074 1299 805 13
2107 1327 806 13
1951 1257 812 13
2021 1243 810 13
2038 1281 809 13
2028 1318 808 13
2067 1365 807 13
2000 1387 827 13
2009 1433 826 13
1485 1521 1689 13
1533 1492 1678 13
1563 1551 1724 13
1574 1596 1725 13
1563 1524 1687 13
1523 1524 1688 13
1488 1562 1728 13
1488 1715 1731 13
1640 1525 1685 13
1660 1559 1720 13
1601 1522 1686 13
1606 1548 1723 13
1756 1494 1674 13
1717 1484 1675 13
1679 1484 1676 13
1758 1524 1682 13
1719 1525 1683 13
1720 1598 1717 13
1678 1524 1684 13
1679 1696 1719 13
1757 1647 1714 13
1759 1687 1715 13
1640 1658 1721 13
1563 1899 1797 13
1574 1763 1726 13
1548 1832 1727 13
1564 1871 1769 13
1602 1871 1768 13
1642 1871 1767 13
1717 1869 1765 13
1756 1869 1764 13
1622 1820 1722 13
1680 1870 1766 13
1699 1744 1718 13
1727 1947 1098 13
1739 1773 1716 13
1642 1902 1796 13
1855 1678 1017 13
1853 1641 1016 13
1855 1600 1015 13
1796 1505 1673 13
1855 1717 1018 13
1854 1523 1013 13
1856 1562 1014 13
1892 1636 1011 13
1933 1642 1010 13
1920 1563 1009 13
1971 1560 843 13
1971 1521 842 13
2029 1599 830 13
2029 1561 829 13
2028 1526 828 13
1971 1717 847 13
1969 1677 846 13
1970 1643 845 13
1971 1600 844 13
2029 1638 831 13
2029 1680 832 13
2028 1719 833 13
1913 1787 1012 13
1853 1952 1022 13
1852 1834 1021 13
1855 1794 1020 13
1856 1756 1019 13
2076 1813 838 13
1969 1795 849 13
2028 1833 836 13
2029 1755 834 13
1970 1754 848 13
2028 1795 835 13
2048 1950 840 13
2097 1853 839 13
2018 1930 841 13
2029 1872 837 13
1969 1871 851 13
2206 1181 587 13
2145 1183 579 13
2146 1219 580 13
2193 1221 586 13
2264 1220 595 13
2263 1260 594 13
2261 1296 593 13
2265 1339 592 13
2148 1333 583 13
2146 1261 581 13
2148 1300 582 13
2253 1463 603 13
2265 1375 591 13
2173 1462 604 13
2195 1378 585 13
2146 1377 584 13
2348 1307 380 13
2367 1354 391 13
2380 1433 392 13
2338 1452 393 13
2203 1557 623 13
2203 1521 624 13
2204 1596 622 13
2240 1558 626 13
2252 1521 627 13
2146 1520 605 13
2145 1558 606 13
2147 1597 607 13
2146 1635 608 13
2144 1677 609 13
2147 1716 610 13
2204 1635 621 13
2202 1673 620 13
2205 1714 619 13
2320 1598 402 13
2378 1597 418 13
2378 1558 419 13
2380 1524 420 13
2320 1557 401 13
2321 1522 400 13
2415 1482 394 13
2320 1673 404 13
2321 1717 405 13
2318 1638 403 13
2376 1637 417 13
2377 1679 416 13
2378 1714 415 13
2251 1813 625 13
2147 1831 613 13
2145 1753 611 13
2144 1793 612 13
2206 1830 616 13
2205 1789 617 13
2206 1753 618 13
2134 1951 632 13
2194 1921 631 13
2204 1868 615 13
2261 1922 630 13
2310 1927 629 13
2146 1870 614 13
2308 1966 628 13
2378 1752 414 13
2322 1755 406 13
2321 1794 407 13
2321 1832 408 13
2378 1789 413 13
2349 1831 410 13
2378 1830 412 13
2377 1870 411 13
2322 1872 409 13
1668 2003 1102 13
1730 1986 1099 13
1930 2024 1023 13
1853 2023 1030 13
1855 2083 1031 13
1788 2045 1084 13
1785 2005 1083 13
1971 2082 868 13
2065 2026 852 13
2009 2024 857 13
2030 2084 858 13
2203 2014 658 13
2204 2043 657 13
11 2292 2963 14
11 2333 2964 14
49 2334 2943 14
50 2294 2942 14
90 2298 2921 14
91 2343 2922 14
90 2373 2923 14
92 2420 2924 14
89 2449 2925 14
10 2411 2966 14
13 2378 2965 14
49 2370 2944 14
48 2408 2945 14
50 2449 2946 14
9 2448 2967 14
164 2274 2876 14
166 2315 2877 14
125 2258 2898 14
126 2334 2979 14
204 2316 2855 14
204 2274 2854 14
127 2296 2899 14
280 2312 2700 14
281 2278 2699 14
165 2351 2878 14
127 2416 2902 14
128 2373 2901 14
164 2392 2879 14
204 2428 2858 14
200 2392 2857 14
126 2448 2903 14
164 2430 2880 14
202 2353 2856 14
277 2427 2703 14
234 2410 2847 14
280 2392 2702 14
281 2355 2701 14
319 2315 2687 14
368 2313 2677 14
370 2351 2678 14
369 2392 2679 14
365 2427 2680 14
318 2352 2688 14
319 2394 2689 14
318 2428 2690 14
435 2373 2640 14
463 2438 2642 14
436 2437 2641 14
494 2458 2643 14
11 2563 2970 14
90 2565 2928 14
9 2524 2969 14
10 2484 2968 14
50 2489 2947 14
50 2525 2948 14
49 2564 2949 14
87 2489 2926 14
86 2524 2927 14
50 2603 2950 14
10 2640 2972 14
11 2682 2973 14
50 2643 2951 14
49 2681 2952 14
87 2679 2931 14
89 2643 2930 14
88 2604 2929 14
10 2601 2971 14
128 2489 2904 14
127 2528 2905 14
231 2490 2848 14
127 2564 2906 14
165 2487 2881 14
164 2523 2882 14
166 2567 2883 14
280 2563 2713 14
279 2527 2712 14
163 2683 2886 14
166 2643 2885 14
165 2602 2884 14
126 2683 2909 14
126 2607 2907 14
127 2642 2908 14
203 2602 2859 14
205 2699 2861 14
204 2643 2860 14
282 2640 2717 14
280 2679 2719 14
283 2600 2715 14
10 2834 2977 14
9 2718 2974 14
10 2754 2975 14
10 2801 2976 14
90 2806 2934 14
50 2757 2954 14
51 2796 2955 14
49 2834 2956 14
89 2757 2933 14
89 2718 2932 14
50 2717 2953 14
49 2874 2957 14
88 2911 2937 14
87 2872 2936 14
88 2835 2935 14
11 2872 2978 14
204 2759 2863 14
164 2799 2889 14
204 2799 2864 14
205 2721 2862 14
124 2834 2913 14
127 2796 2912 14
128 2760 2911 14
126 2720 2910 14
165 2721 2887 14
165 2759 2888 14
281 2832 2727 14
283 2794 2725 14
279 2755 2723 14
282 2717 2721 14
204 2836 2865 14
164 2954 2893 14
166 2911 2892 14
166 2869 2891 14
203 2877 2866 14
204 2913 2867 14
204 2953 2868 14
129 2914 2915 14
163 2837 2890 14
127 2874 2914 14
282 2869 2729 14
280 2910 2731 14
281 2949 2733 14
321 2680 2718 14
316 2640 2716 14
387 2554 2706 14
321 2604 2714 14
385 2524 2705 14
308 2526 2711 14
348 2503 2704 14
365 2582 2707 14
376 2622 2708 14
484 2516 2644 14
598 2551 2177 14
484 2552 2645 14
483 2707 2649 14
520 2709 2662 14
521 2669 2663 14
522 2631 2664 14
520 2593 2665 14
483 2592 2646 14
483 2630 2647 14
484 2671 2648 14
600 2629 2202 14
598 2592 2201 14
596 2671 2203 14
598 2707 2204 14
639 2673 2193 14
637 2708 2194 14
320 2717 2720 14
320 2757 2722 14
318 2798 2724 14
395 2952 2710 14
319 2833 2726 14
394 2750 2709 14
318 2870 2728 14
321 2910 2730 14
320 2949 2732 14
482 2824 2652 14
482 2784 2651 14
484 2748 2650 14
524 2745 2661 14
521 2787 2660 14
521 2823 2659 14
635 2822 2197 14
596 2748 2205 14
635 2787 2196 14
596 2787 2206 14
635 2748 2195 14
597 2825 2207 14
485 2903 2654 14
484 2863 2653 14
483 2939 2655 14
521 2941 2656 14
523 2862 2658 14
520 2899 2657 14
636 2863 2198 14
595 2943 2210 14
595 2900 2209 14
598 2863 2208 14
103 3159 3014 14
105 3102 3013 14
-66 3134 3035 14
16 2962 3034 14
156 3203 2984 14
154 3162 2983 14
155 3123 2982 14
174 3184 2981 14
173 3143 2980 14
270 3124 2819 14
269 3197 2821 14
272 3161 2820 14
66 3215 3018 14
250 3220 2826 14
272 3238 2822 14
154 3241 2985 14
357 3037 2781 14
473 3011 2666 14
444 3036 2780 14
346 3162 2795 14
347 3201 2796 14
349 3124 2794 14
463 3085 2745 14
462 3122 2746 14
344 3087 2793 14
547 3010 2213 14
642 208 1569 15
641 248 1570 15
641 285 1571 15
642 323 1572 15
640 361 1573 15
611 474 1610 15
610 503 1611 15
654 571 1613 15
728 86 1586 15
842 85 1543 15
806 107 1542 15
784 30 1541 15
726 117 1583 15
844 130 1544 15
843 166 1545 15
844 206 1546 15
681 164 1575 15
729 130 1585 15
729 166 1584 15
882 166 1551 15
991 165 1562 15
884 88 1552 15
930 85 1553 15
933 127 1554 15
932 163 1555 15
931 205 1556 15
845 282 1548 15
730 359 1578 15
843 245 1547 15
671 360 1574 15
732 321 1579 15
767 323 1580 15
726 287 1581 15
843 361 1550 15
843 322 1549 15
727 244 1582 15
826 440 1563 15
710 437 1577 15
929 286 1559 15
904 264 1558 15
931 246 1557 15
933 321 1560 15
930 370 1561 15
965 459 1564 15
1051 88 1443 15
1187 114 1363 15
1096 95 1452 15
1136 86 1453 15
1134 128 1454 15
1049 170 1445 15
1047 125 1444 15
1132 162 1455 15
1044 206 1446 15
1106 127 1451 15
1134 204 1456 15
1396 68 1384 15
1319 48 1376 15
1329 83 1377 15
1225 83 1364 15
1253 91 1365 15
1283 86 1366 15
1251 128 1367 15
1249 163 1368 15
1252 206 1369 15
1230 225 1370 15
1327 126 1378 15
1329 166 1379 15
1329 204 1380 15
1046 246 1447 15
1048 280 1448 15
1135 247 1457 15
1135 280 1458 15
1136 322 1459 15
1099 334 1450 15
1182 339 1461 15
1046 322 1449 15
1153 387 1460 15
1162 465 1465 15
1090 425 1464 15
1036 456 1463 15
1376 333 1389 15
1366 265 1388 15
1329 321 1383 15
1254 324 1374 15
1254 283 1373 15
1329 284 1382 15
1287 243 1372 15
1250 245 1371 15
1292 324 1375 15
1330 244 1381 15
1232 395 1462 15
1339 453 1403 15
727 628 1625 15
805 594 1587 15
782 653 1588 15
842 631 1589 15
855 706 1590 15
1001 514 1608 15
929 535 1607 15
931 570 1606 15
929 612 1605 15
932 651 1604 15
958 690 1603 15
928 689 1602 15
933 726 1601 15
845 826 1592 15
890 848 1594 15
872 799 1591 15
932 883 1597 15
929 846 1598 15
925 765 1600 15
930 804 1599 15
1185 592 1491 15
1086 533 1481 15
1045 608 1469 15
1049 572 1468 15
1047 534 1467 15
1142 529 1483 15
1144 573 1484 15
1142 610 1485 15
1143 650 1486 15
1146 690 1487 15
1142 729 1488 15
1074 727 1479 15
1087 613 1480 15
1128 633 1482 15
1046 650 1470 15
1046 689 1471 15
1046 730 1472 15
1233 507 1466 15
1298 574 1401 15
1298 531 1402 15
1260 533 1391 15
1260 571 1392 15
1297 611 1400 15
1258 610 1393 15
1336 612 1407 15
1335 573 1406 15
1337 493 1404 15
1334 533 1405 15
1337 733 1410 15
1336 689 1409 15
1336 650 1408 15
1221 648 1492 15
1259 648 1394 15
1257 689 1395 15
1259 727 1396 15
1092 764 1478 15
1141 768 1489 15
1142 804 1490 15
1044 763 1473 15
1105 805 1477 15
1047 847 1475 15
1048 805 1474 15
1047 887 1476 15
1094 900 1495 15
1183 863 1494 15
1218 861 1493 15
1258 864 1399 15
1258 804 1398 15
1259 765 1397 15
1336 768 1411 15
1335 803 1412 15
1335 844 1413 15
1384 806 1415 15
1443 88 1180 15
1405 211 1387 15
1415 167 1386 15
1417 128 1385 15
1526 204 1194 15
1481 223 1189 15
1442 127 1181 15
1441 204 1183 15
1440 167 1182 15
1415 327 1390 15
1440 321 1186 15
1564 331 1199 15
1528 283 1196 15
1442 282 1185 15
1530 323 1197 15
1442 242 1184 15
1482 302 1187 15
1530 245 1195 15
1480 262 1188 15
1453 455 1203 15
1518 455 1226 15
1548 366 1198 15
1415 458 1200 15
1452 492 1204 15
1452 534 1205 15
1402 574 1201 15
1453 572 1206 15
1412 610 1202 15
1451 612 1207 15
1539 573 1224 15
1540 610 1223 15
1538 534 1225 15
1453 731 1210 15
1533 647 1222 15
1454 687 1209 15
1451 652 1208 15
1451 765 1211 15
118 688 2390 16
117 646 2389 16
158 670 2388 16
119 728 2391 16
234 650 2380 16
234 685 2381 16
234 724 2382 16
-61 801 2413 16
23 968 2412 16
106 972 2410 16
233 802 2385 16
118 767 2392 16
120 805 2393 16
212 745 2383 16
119 842 2394 16
233 764 2384 16
235 843 2386 16
214 951 2405 16
166 979 2408 16
243 918 2403 16
120 882 2395 16
236 885 2387 16
366 604 2336 16
309 724 2377 16
370 725 2370 16
311 685 2378 16
316 649 2379 16
427 728 2367 16
426 685 2368 16
430 648 2369 16
550 691 2354 16
638 728 1616 16
521 729 2357 16
525 689 2356 16
525 650 2355 16
313 767 2376 16
313 801 2375 16
311 839 2374 16
428 843 2364 16
367 823 2372 16
387 781 2371 16
428 768 2366 16
429 804 2365 16
311 883 2373 16
427 884 2363 16
299 941 2402 16
396 976 2401 16
475 979 2399 16
523 805 2359 16
522 951 2397 16
640 766 1617 16
521 841 2360 16
527 884 2361 16
523 766 2358 16
641 805 1618 16
640 842 1619 16
641 883 1620 16
602 953 1630 16
746 958 1629 16
729 863 1624 16
688 804 1623 16
689 843 1622 16
689 890 1621 16
89 1017 2411 16
89 1097 2566 16
91 1058 2565 16
16 1095 2605 16
49 1094 2585 16
53 1057 2584 16
11 1055 2604 16
49 1135 2586 16
51 1175 2587 16
51 1213 2588 16
12 1134 2606 16
13 1173 2607 16
15 1210 2608 16
87 1131 2567 16
87 1169 2568 16
86 1211 2569 16
205 1063 2523 16
167 1100 2524 16
127 1015 2409 16
166 1084 2526 16
225 1026 2407 16
205 987 2406 16
262 991 2404 16
131 1055 2546 16
129 1094 2547 16
279 1061 2495 16
125 1172 2549 16
128 1132 2548 16
216 1181 2516 16
283 1122 2496 16
281 1161 2497 16
281 1198 2498 16
165 1202 2527 16
170 1131 2525 16
128 1213 2550 16
49 1251 2589 16
50 1288 2590 16
86 1248 2570 16
90 1292 2571 16
50 1328 2591 16
87 1240 2572 16
12 1249 2609 16
11 1289 2610 16
14 1328 2611 16
88 1327 2625 16
14 1406 2613 16
49 1404 2593 16
13 1368 2612 16
16 1441 2614 16
86 1408 2574 16
90 1369 2573 16
51 1366 2592 16
88 1445 2575 16
51 1444 2594 16
167 1239 2528 16
187 1260 2529 16
168 1281 2530 16
167 1315 2531 16
281 1318 2501 16
282 1274 2500 16
126 1250 2551 16
128 1290 2552 16
123 1327 2553 16
280 1240 2499 16
165 1360 2532 16
168 1391 2533 16
167 1434 2534 16
127 1367 2554 16
129 1443 2556 16
170 1471 2535 16
128 1405 2555 16
281 1395 2503 16
246 1373 2517 16
241 1433 2518 16
281 1435 2504 16
283 1473 2505 16
230 1471 2519 16
281 1355 2502 16
477 1046 2398 16
476 1084 2425 16
449 1050 2400 16
391 1086 2468 16
436 1087 2446 16
439 1123 2447 16
377 1192 2469 16
317 1122 2475 16
475 1162 2427 16
322 1162 2476 16
475 1199 2428 16
322 1200 2477 16
438 1160 2448 16
434 1202 2449 16
476 1121 2426 16
599 1009 1631 16
544 1038 2396 16
523 1103 2415 16
524 1143 2416 16
523 1183 2417 16
522 1223 2418 16
638 1105 1662 16
639 1145 1663 16
641 1179 1664 16
637 1222 1665 16
367 1268 2471 16
385 1230 2470 16
319 1317 2480 16
321 1277 2479 16
319 1239 2478 16
474 1277 2430 16
475 1316 2431 16
455 1299 2362 16
436 1320 2452 16
477 1241 2429 16
435 1281 2451 16
436 1238 2450 16
320 1430 2483 16
321 1394 2482 16
321 1353 2481 16
320 1471 2484 16
475 1473 2435 16
475 1431 2434 16
478 1394 2433 16
478 1355 2432 16
435 1357 2453 16
436 1396 2454 16
436 1435 2455 16
438 1473 2456 16
523 1337 2421 16
523 1296 2420 16
523 1256 2419 16
640 1337 1668 16
639 1298 1667 16
638 1256 1666 16
523 1454 2424 16
638 1455 1672 16
640 1375 1669 16
602 1394 1671 16
641 1415 1670 16
523 1377 2422 16
526 1415 2423 16
90 1483 2576 16
91 1520 2577 16
50 1483 2595 16
281 1584 2507 16
127 1485 2557 16
128 1522 2558 16
167 1550 2536 16
236 1541 2521 16
260 1514 2520 16
281 1550 2506 16
474 1549 2437 16
320 1550 2485 16
435 1552 2458 16
435 1502 2457 16
378 1551 2472 16
557 1521 1713 16
708 1067 1661 16
704 1102 1660 16
803 1085 1633 16
750 1088 1650 16
824 1104 1634 16
707 1223 1657 16
753 1216 1651 16
706 1181 1658 16
707 1146 1659 16
709 1261 1656 16
710 1301 1655 16
773 1307 1653 16
754 1258 1652 16
111 168 2313 17
91 51 2314 17
54 48 2315 17
33 126 2316 17
35 118 2318 17
-57 32 2414 17
33 167 2317 17
212 110 2296 17
233 50 2297 17
186 164 2300 17
186 203 2301 17
169 41 2298 17
186 128 2299 17
149 129 2312 17
149 166 2311 17
149 207 2310 17
64 453 2348 17
90 324 2327 17
63 360 2326 17
34 362 2325 17
31 364 2321 17
33 360 2320 17
35 248 2319 17
34 372 2323 17
33 323 2324 17
33 368 2322 17
189 246 2302 17
147 322 2307 17
223 282 2295 17
186 285 2303 17
186 322 2304 17
188 361 2305 17
148 358 2306 17
150 244 2309 17
147 287 2308 17
262 436 2341 17
229 452 2342 17
247 382 2294 17
224 484 2343 17
438 49 2259 17
363 47 2278 17
322 48 2286 17
302 127 2287 17
340 204 2281 17
340 165 2280 17
339 124 2279 17
300 163 2288 17
454 202 2263 17
302 203 2289 17
453 162 2262 17
457 122 2261 17
642 90 1566 17
581 79 1565 17
642 128 1567 17
637 164 1568 17
642 208 1569 17
526 204 2271 17
484 185 2268 17
524 122 2269 17
525 166 2270 17
342 359 2285 17
304 362 2293 17
341 323 2284 17
341 282 2283 17
342 243 2282 17
301 244 2290 17
305 325 2292 17
302 285 2291 17
417 284 2260 17
456 242 2264 17
457 282 2265 17
457 320 2266 17
456 361 2267 17
390 410 2277 17
415 479 2335 17
467 475 2331 17
312 465 2338 17
523 245 2272 17
641 248 1570 17
641 285 1571 17
642 323 1572 17
524 361 2275 17
573 325 1609 17
524 283 2273 17
526 323 2274 17
640 361 1573 17
611 474 1610 17
559 390 2276 17
534 473 2328 17
54 574 2346 17
52 493 2347 17
4 554 2349 17
12 666 2353 17
34 632 2352 17
4 602 2351 17
-47 512 2350 17
119 573 2344 17
273 571 2340 17
272 522 2339 17
117 526 2345 17
118 688 2390 17
117 646 2389 17
158 670 2388 17
119 728 2391 17
234 650 2380 17
234 685 2381 17
234 724 2382 17
212 745 2383 17
233 764 2384 17
322 524 2337 17
366 604 2336 17
397 524 2334 17
437 532 2332 17
454 603 2333 17
309 724 2377 17
370 725 2370 17
311 685 2378 17
316 649 2379 17
427 728 2367 17
426 685 2368 17
430 648 2369 17
529 610 2329 17
494 504 2330 17
610 503 1611 17
654 571 1613 17
601 575 1612 17
640 648 1614 17
550 691 2354 17
521 729 2357 17
525 689 2356 17
525 650 2355 17
313 767 2376 17
387 781 2371 17
428 768 2366 17
680 84 1576 17
728 86 1586 17
726 117 1583 17
681 164 1575 17
729 130 1585 17
729 166 1584 17
730 359 1578 17
671 360 1574 17
732 321 1579 17
767 323 1580 17
726 287 1581 17
727 244 1582 17
710 437 1577 17
638 1455 1672 18
641 1415 1670 18
475 1587 2438 18
474 1549 2437 18
437 1703 2462 18
438 1665 2461 18
436 1627 2460 18
478 1665 2440 18
475 1706 2441 18
475 1625 2439 18
634 1522 1711 18
611 1716 1758 18
634 1596 1759 18
598 1607 1760 18
560 1646 1761 18
560 1685 1762 18
597 1521 1712 18
557 1521 1713 18
437 1744 2463 18
475 1743 2442 18
476 1781 2443 18
476 1830 2444 18
438 1781 2464 18
438 1822 2465 18
437 1862 2466 18
434 1900 2467 18
476 1912 2445 18
637 1869 1793 18
596 1871 1794 18
557 1872 1795 18
628 1762 1757 18
521 1784 1763 18
655 1966 2149 18
599 1908 1811 18
843 1399 1641 18
822 1356 1640 18
747 1358 1654 18
996 1393 1511 18
882 1336 1642 18
1095 1424 1514 18
1055 1400 1515 18
1083 1384 1517 18
1093 1452 1513 18
1055 1431 1512 18
790 1523 1707 18
829 1522 1706 18
713 1570 1753 18
752 1611 1752 18
782 1630 1751 18
811 1642 1750 18
752 1520 1708 18
811 1481 1681 18
713 1520 1709 18
675 1521 1710 18
1004 1636 1744 18
878 1506 2436 18
927 1618 1745 18
1002 1482 1680 18
928 1667 1746 18
947 1522 1703 18
905 1521 1704 18
865 1522 1705 18
1022 1522 1701 18
982 1521 1702 18
676 1751 1755 18
676 1821 1756 18
830 1765 1749 18
716 1842 1754 18
789 1872 1789 18
829 1870 1788 18
751 1867 1790 18
848 1907 1807 18
694 1955 2125 18
769 1906 1808 18
716 1899 1809 18
674 1868 1792 18
713 1872 1791 18
674 1908 1810 18
1024 1869 1783 18
983 1871 1784 18
869 1743 1747 18
871 1842 1748 18
945 1870 1785 18
904 1870 1786 18
883 1927 1806 18
948 1909 1805 18
984 1898 1804 18
869 1870 1787 18
1042 1706 1743 18
1080 1693 1742 18
1060 1522 1700 18
1097 1524 1699 18
1140 1523 1698 18
1175 1522 1697 18
1215 1523 1696 18
1051 1481 1679 18
1252 1523 1695 18
1274 1560 1739 18
1060 1909 1803 18
1176 1870 1779 18
1178 1813 1740 18
1139 1869 1780 18
1140 1814 1741 18
1061 1871 1782 18
1102 1910 1802 18
1100 1872 1781 18
1144 1909 1801 18
1234 1936 1800 18
1256 1899 1799 18
1313 1783 1738 18
1218 1872 1778 18
1253 1873 1777 18
1294 1872 1776 18
1333 1872 1775 18
1369 1872 1774 18
1334 1754 1737 18
414 2020 2634 18
434 2062 2633 18
598 2081 2166 18
656 2082 2152 18
599 2004 2164 18
597 2042 2165 18
656 2011 2150 18
655 2040 2151 18
512 2040 2628 18
503 2002 2627 18
542 2099 2629 18
521 2140 2630 18
534 2179 2631 18
658 2123 2153 18
656 2160 2154 18
656 2198 2155 18
484 2098 2632 18
596 2122 2167 18
598 2161 2168 18
599 2196 2169 18
658 2239 2156 18
657 2274 2157 18
600 2239 2170 18
824 1976 2126 18
804 2041 2127 18
793 2081 2128 18
773 2180 2132 18
762 2117 2129 18
750 2159 2131 18
803 2142 2130 18
954 1976 2016 18
928 2006 2032 18
886 2003 2046 18
928 2048 2033 18
955 2023 2017 18
889 2045 2047 18
928 2081 2034 18
888 2083 2048 18
888 2120 2049 18
889 2159 2050 18
927 2122 2035 18
927 2159 2036 18
887 2201 2051 18
928 2200 2037 18
1012 2100 2020 18
886 2241 2052 18
925 2241 2038 18
926 2317 2040 18
927 2276 2039 18
981 2279 2022 18
886 2315 2054 18
890 2276 2053 18
1083 2026 2018 18
1073 2061 2019 18
1157 2003 1932 18
1157 2042 1933 18
1158 2081 1934 18
1199 2079 1921 18
1198 2043 1920 18
1195 2006 1919 18
1072 2198 2021 18
1197 2119 1922 18
1199 2162 1923 18
1196 2200 1924 18
1156 2200 1937 18
1159 2162 1936 18
1158 2118 1935 18
1234 2182 1916 18
1156 2240 1938 18
642 688 1615 19
638 728 1616 19
475 979 2399 19
523 805 2359 19
522 951 2397 19
640 766 1617 19
521 841 2360 19
527 884 2361 19
641 805 1618 19
640 842 1619 19
641 883 1620 19
602 953 1630 19
727 628 1625 19
805 594 1587 19
782 653 1588 19
842 631 1589 19
855 706 1590 19
931 570 1606 19
929 612 1605 19
932 651 1604 19
958 690 1603 19
928 689 1602 19
933 726 1601 19
823 961 1628 19
746 958 1629 19
729 863 1624 19
688 804 1623 19
689 843 1622 19
689 890 1621 19
845 826 1592 19
843 864 1593 19
890 848 1594 19
872 799 1591 19
889 883 1595 19
950 919 1596 19
932 883 1597 19
929 846 1598 19
1029 942 1497 19
925 765 1600 19
930 804 1599 19
881 971 1627 19
1045 608 1469 19
1049 572 1468 19
1142 610 1485 19
1143 650 1486 19
1146 690 1487 19
1142 729 1488 19
1074 727 1479 19
1087 613 1480 19
1128 633 1482 19
1046 650 1470 19
1046 689 1471 19
1046 730 1472 19
1337 733 1410 19
1221 648 1492 19
1257 689 1395 19
1259 727 1396 19
1092 764 1478 19
1141 768 1489 19
1142 804 1490 19
1044 763 1473 19
1105 805 1477 19
1047 847 1475 19
1048 805 1474 19
1174 942 1502 19
1085 928 1496 19
1047 887 1476 19
1094 900 1495 19
1183 863 1494 19
1218 861 1493 19
1258 864 1399 19
1258 804 1398 19
1259 765 1397 19
1336 768 1411 19
1335 803 1412 19
1335 844 1413 19
1333 885 1414 19
1384 806 1415 19
477 1046 2398 19
476 1084 2425 19
449 1050 2400 19
475 1162 2427 19
475 1199 2428 19
476 1121 2426 19
599 1009 1631 19
544 1038 2396 19
523 1103 2415 19
524 1143 2416 19
523 1183 2417 19
522 1223 2418 19
638 1105 1662 19
639 1145 1663 19
641 1179 1664 19
637 1222 1665 19
523 1296 2420 19
523 1256 2419 19
640 1337 1668 19
639 1298 1667 19
638 1256 1666 19
640 1375 1669 19
602 1394 1671 19
641 1415 1670 19
708 1067 1661 19
704 1102 1660 19
803 1085 1633 19
750 1088 1650 19
828 1065 1632 19
824 1104 1634 19
823 1181 1636 19
825 1144 1635 19
823 1222 1637 19
707 1223 1657 19
753 1216 1651 19
706 1181 1658 19
707 1146 1659 19
882 1102 1648 19
998 1104 1504 19
998 1066 1503 19
1027 998 1498 19
879 1065 1649 19
896 1027 1626 19
880 1215 1645 19
880 1178 1646 19
882 1143 1647 19
997 1222 1507 19
999 1181 1506 19
995 1145 1505 19
709 1261 1656 19
710 1301 1655 19
843 1399 1641 19
822 1356 1640 19
821 1298 1639 19
825 1261 1638 19
747 1358 1654 19
773 1307 1653 19
754 1258 1652 19
996 1393 1511 19
882 1263 1644 19
998 1339 1510 19
997 1298 1509 19
996 1261 1508 19
882 1336 1642 19
881 1296 1643 19
1048 1056 1526 19
1173 1093 1530 19
1059 1092 1525 19
1171 1055 1529 19
1202 1000 1501 19
1174 996 1500 19
1144 1009 1499 19
1058 1136 1524 19
1174 1179 1533 19
1137 1134 1532 19
1172 1212 1534 19
1057 1172 1523 19
1102 1171 1528 19
1078 1154 1527 19
1058 1210 1522 19
1172 1135 1531 19
1279 990 1416 19
1279 1062 1417 19
1357 1068 1431 19
1239 1174 1419 19
1238 1210 1420 19
1277 1193 1428 19
1395 1192 1435 19
1315 1152 1429 19
1359 1214 1436 19
1236 1135 1418 19
1356 1172 1433 19
1356 1130 1432 19
1172 1292 1537 19
1152 1270 1536 19
1172 1330 1538 19
1170 1251 1535 19
1056 1249 1521 19
1053 1284 1520 19
1053 1325 1519 19
1095 1424 1514 19
1055 1400 1515 19
1054 1363 1516 19
1083 1384 1517 19
1094 1355 1518 19
1093 1452 1513 19
1055 1431 1512 19
1170 1408 1540 19
1208 1406 1426 19
1171 1368 1539 19
1353 1326 1440 19
1296 1319 1430 19
1354 1288 1439 19
1357 1251 1438 19
1239 1329 1423 19
1375 1231 1437 19
1239 1288 1422 19
1239 1250 1421 19
1238 1364 1424 19
1238 1408 1425 19
1238 1444 1427 19
829 1522 1706 19
811 1481 1681 19
878 1506 2436 19
1002 1482 1680 19
947 1522 1703 19
905 1521 1704 19
865 1522 1705 19
1022 1522 1701 19
982 1521 1702 19
1060 1522 1700 19
1051 1481 1679 19
1401 976 1434 19
1412 1054 1227 19
1432 1073 1228 19
2567 3428 322 20
2604 3410 311 20
2760 3409 153 20
2799 3427 126 20
2390 3550 511 20
2385 3695 512 20
2268 3813 514 20
2800 3464 127 20
2732 3467 154 20
2701 3621 155 20
2864 3474 128 20
2568 3466 323 20
2865 3515 129 20
2798 3563 130 20
2504 3813 513 20
2798 3796 131 20
2781 3940 157 20
2701 3940 158 20
2623 3945 159 20
2699 3852 156 20
2797 3794 132 20
282 1900 2515 21
434 1900 2467 21
476 1912 2445 21
346 1899 2474 21
359 1964 2668 21
337 1933 2667 21
319 1899 2494 21
655 1966 2149 21
50 2137 2938 21
10 2137 2959 21
12 2178 2960 21
50 2176 2939 21
17 2052 3033 21
51 2216 2940 21
90 2177 2918 21
88 2137 2917 21
78 1990 2916 21
128 2080 2894 21
280 2078 2694 21
282 2042 2693 21
281 1999 2692 21
290 1972 2691 21
223 2021 2845 21
164 2003 2869 21
165 2042 2870 21
202 2079 2849 21
165 2081 2871 21
164 2120 2872 21
127 2140 2895 21
165 2197 2874 21
203 2197 2852 21
125 2158 2900 21
202 2159 2851 21
127 2180 2896 21
164 2159 2873 21
203 2120 2850 21
278 2115 2695 21
280 2161 2696 21
280 2195 2697 21
222 2140 2846 21
11 2217 2961 21
11 2256 2962 21
11 2292 2963 21
11 2333 2964 21
49 2334 2943 21
50 2294 2942 21
49 2257 2941 21
87 2218 2919 21
87 2258 2920 21
90 2298 2921 21
91 2343 2922 21
90 2373 2923 21
92 2420 2924 21
89 2449 2925 21
10 2411 2966 21
13 2378 2965 21
49 2370 2944 21
48 2408 2945 21
50 2449 2946 21
9 2448 2967 21
164 2233 2875 21
164 2274 2876 21
166 2315 2877 21
125 2219 2897 21
125 2258 2898 21
126 2334 2979 21
204 2316 2855 21
204 2274 2854 21
201 2237 2853 21
127 2296 2899 21
279 2236 2698 21
280 2312 2700 21
281 2278 2699 21
165 2351 2878 21
127 2416 2902 21
128 2373 2901 21
164 2392 2879 21
204 2428 2858 21
200 2392 2857 21
126 2448 2903 21
164 2430 2880 21
202 2353 2856 21
277 2427 2703 21
234 2410 2847 21
280 2392 2702 21
281 2355 2701 21
368 2001 2669 21
368 2039 2670 21
367 2079 2671 21
414 2020 2634 21
434 2062 2633 21
322 2080 2681 21
367 2197 2674 21
426 2198 2636 21
394 2137 2635 21
318 2156 2683 21
319 2118 2682 21
368 2160 2673 21
319 2199 2684 21
367 2118 2672 21
598 2081 2166 21
656 2082 2152 21
599 2004 2164 21
597 2042 2165 21
656 2011 2150 21
655 2040 2151 21
512 2040 2628 21
503 2002 2627 21
542 2099 2629 21
521 2140 2630 21
534 2179 2631 21
658 2123 2153 21
656 2160 2154 21
656 2198 2155 21
484 2098 2632 21
596 2122 2167 21
598 2161 2168 21
599 2196 2169 21
319 2274 2686 21
318 2233 2685 21
415 2292 2639 21
368 2275 2676 21
367 2238 2675 21
319 2315 2687 21
463 2277 2637 21
368 2313 2677 21
370 2351 2678 21
369 2392 2679 21
365 2427 2680 21
318 2352 2688 21
319 2394 2689 21
318 2428 2690 21
435 2373 2640 21
463 2438 2642 21
436 2437 2641 21
597 2317 2172 21
597 2278 2171 21
484 2313 2638 21
658 2239 2156 21
657 2274 2157 21
657 2314 2158 21
600 2239 2170 21
657 2356 2159 21
654 2430 2161 21
494 2458 2643 21
598 2354 2173 21
597 2393 2174 21
598 2432 2175 21
657 2390 2160 21
11 2563 2970 21
90 2565 2928 21
9 2524 2969 21
10 2484 2968 21
50 2489 2947 21
50 2525 2948 21
49 2564 2949 21
87 2489 2926 21
86 2524 2927 21
50 2603 2950 21
10 2640 2972 21
11 2682 2973 21
50 2643 2951 21
49 2681 2952 21
87 2679 2931 21
89 2643 2930 21
88 2604 2929 21
10 2601 2971 21
128 2489 2904 21
127 2528 2905 21
231 2490 2848 21
127 2564 2906 21
165 2487 2881 21
164 2523 2882 21
166 2567 2883 21
280 2563 2713 21
279 2527 2712 21
163 2683 2886 21
166 2643 2885 21
165 2602 2884 21
126 2683 2909 21
126 2607 2907 21
127 2642 2908 21
203 2602 2859 21
205 2699 2861 21
204 2643 2860 21
282 2640 2717 21
280 2679 2719 21
283 2600 2715 21
89 2757 2933 21
89 2718 2932 21
50 2717 2953 21
204 2759 2863 21
164 2799 2889 21
204 2799 2864 21
205 2721 2862 21
127 2796 2912 21
128 2760 2911 21
126 2720 2910 21
165 2721 2887 21
165 2759 2888 21
281 2832 2727 21
283 2794 2725 21
279 2755 2723 21
282 2717 2721 21
204 2836 2865 21
321 2680 2718 21
316 2640 2716 21
387 2554 2706 21
321 2604 2714 21
385 2524 2705 21
308 2526 2711 21
348 2503 2704 21
365 2582 2707 21
376 2622 2708 21
484 2516 2644 21
655 2469 2162 21
656 2509 2163 21
598 2551 2177 21
484 2552 2645 21
597 2516 2176 21
483 2707 2649 21
520 2709 2662 21
521 2669 2663 21
522 2631 2664 21
520 2593 2665 21
483 2592 2646 21
483 2630 2647 21
484 2671 2648 21
600 2629 2202 21
598 2592 2201 21
596 2671 2203 21
598 2707 2204 21
639 2595 2191 21
636 2631 2192 21
639 2673 2193 21
637 2708 2194 21
320 2717 2720 21
320 2757 2722 21
318 2798 2724 21
319 2833 2726 21
394 2750 2709 21
482 2824 2652 21
482 2784 2651 21
484 2748 2650 21
524 2745 2661 21
521 2787 2660 21
521 2823 2659 21
596 2748 2205 21
635 2787 2196 21
596 2787 2206 21
635 2748 2195 21
773 2180 2132 21
762 2117 2129 21
750 2159 2131 21
803 2142 2130 21
831 2503 2134 21
697 2630 2189 21
689 2693 2188 21
734 2663 2178 21
735 2701 2179 21
16 1441 2614 22
86 1408 2574 22
88 1445 2575 22
51 1444 2594 22
165 1360 2532 22
168 1391 2533 22
167 1434 2534 22
129 1443 2556 22
170 1471 2535 22
128 1405 2555 22
281 1395 2503 22
246 1373 2517 22
241 1433 2518 22
281 1435 2504 22
283 1473 2505 22
230 1471 2519 22
281 1355 2502 22
320 1430 2483 22
321 1394 2482 22
321 1353 2481 22
320 1471 2484 22
475 1473 2435 22
475 1431 2434 22
478 1394 2433 22
478 1355 2432 22
435 1357 2453 22
436 1396 2454 22
436 1435 2455 22
438 1473 2456 22
523 1454 2424 22
638 1455 1672 22
523 1377 2422 22
526 1415 2423 22
90 1483 2576 22
91 1520 2577 22
88 1558 2578 22
13 1482 2615 22
14 1521 2616 22
12 1594 2618 22
10 1561 2617 22
50 1558 2597 22
51 1522 2596 22
50 1483 2595 22
15 1714 2621 22
15 1678 2620 22
10 1637 2619 22
88 1712 2626 22
91 1639 2580 22
53 1600 2598 22
94 1606 2579 22
50 1637 2599 22
88 1676 2581 22
50 1673 2600 22
47 1712 2601 22
89 1629 2582 22
281 1584 2507 22
127 1485 2557 22
128 1522 2558 22
166 1587 2537 22
167 1550 2536 22
236 1541 2521 22
260 1514 2520 22
131 1560 2559 22
281 1550 2506 22
129 1599 2560 22
130 1638 2561 22
130 1678 2562 22
127 1713 2563 22
165 1626 2538 22
167 1711 2540 22
281 1704 2510 22
281 1667 2509 22
282 1626 2508 22
167 1665 2539 22
50 1754 2602 22
89 1758 2583 22
11 1793 2623 22
21 1882 2624 22
49 1795 2603 22
11 1753 2622 22
281 1743 2511 22
167 1820 2543 22
167 1781 2542 22
284 1783 2512 22
169 1743 2541 22
235 1838 2522 22
128 1753 2564 22
283 1822 2513 22
282 1860 2514 22
282 1900 2515 22
167 1901 2545 22
168 1858 2544 22
475 1587 2438 22
474 1549 2437 22
320 1550 2485 22
435 1552 2458 22
435 1502 2457 22
434 1587 2459 22
321 1590 2486 22
378 1551 2472 22
437 1703 2462 22
438 1665 2461 22
320 1704 2489 22
319 1664 2488 22
318 1625 2487 22
436 1627 2460 22
478 1665 2440 22
475 1706 2441 22
475 1625 2439 22
634 1522 1711 22
611 1716 1758 22
634 1596 1759 22
598 1607 1760 22
560 1646 1761 22
560 1685 1762 22
597 1521 1712 22
557 1521 1713 22
321 1821 2492 22
319 1784 2491 22
437 1744 2463 22
475 1743 2442 22
476 1781 2443 22
476 1830 2444 22
438 1781 2464 22
358 1841 2473 22
321 1743 2490 22
438 1822 2465 22
437 1862 2466 22
434 1900 2467 22
476 1912 2445 22
346 1899 2474 22
359 1964 2668 22
337 1933 2667 22
321 1859 2493 22
319 1899 2494 22
637 1869 1793 22
596 1871 1794 22
557 1872 1795 22
628 1762 1757 22
521 1784 1763 22
655 1966 2149 22
599 1908 1811 22
713 1570 1753 22
752 1611 1752 22
782 1630 1751 22
713 1520 1709 22
675 1521 1710 22
676 1751 1755 22
676 1821 1756 22
830 1765 1749 22
716 1842 1754 22
789 1872 1789 22
829 1870 1788 22
751 1867 1790 22
694 1955 2125 22
769 1906 1808 22
716 1899 1809 22
674 1868 1792 22
713 1872 1791 22
674 1908 1810 22
50 2137 2938 22
10 2137 2959 22
12 2178 2960 22
50 2176 2939 22
17 2052 3033 22
51 2216 2940 22
90 2177 2918 22
88 2137 2917 22
-23 1994 2958 22
78 1990 2916 22
128 2080 2894 22
280 2078 2694 22
282 2042 2693 22
281 1999 2692 22
290 1972 2691 22
223 2021 2845 22
164 2003 2869 22
165 2042 2870 22
202 2079 2849 22
165 2081 2871 22
164 2120 2872 22
127 2140 2895 22
165 2197 2874 22
203 2197 2852 22
125 2158 2900 22
202 2159 2851 22
127 2180 2896 22
164 2159 2873 22
203 2120 2850 22
278 2115 2695 22
280 2161 2696 22
280 2195 2697 22
222 2140 2846 22
87 2218 2919 22
164 2233 2875 22
164 2274 2876 22
125 2219 2897 22
125 2258 2898 22
204 2274 2854 22
201 2237 2853 22
279 2236 2698 22
280 2312 2700 22
281 2278 2699 22
368 2001 2669 22
368 2039 2670 22
367 2079 2671 22
414 2020 2634 22
434 2062 2633 22
322 2080 2681 22
367 2197 2674 22
426 2198 2636 22
394 2137 2635 22
318 2156 2683 22
319 2118 2682 22
368 2160 2673 22
319 2199 2684 22
367 2118 2672 22
598 2081 2166 22
656 2082 2152 22
599 2004 2164 22
597 2042 2165 22
656 2011 2150 22
655 2040 2151 22
512 2040 2628 22
503 2002 2627 22
542 2099 2629 22
521 2140 2630 22
534 2179 2631 22
658 2123 2153 22
656 2160 2154 22
656 2198 2155 22
484 2098 2632 22
596 2122 2167 22
598 2161 2168 22
599 2196 2169 22
319 2274 2686 22
318 2233 2685 22
415 2292 2639 22
368 2275 2676 22
367 2238 2675 22
319 2315 2687 22
463 2277 2637 22
368 2313 2677 22
600 2239 2170 22
